      151	2014-10-01 06:40:53	1	5	1	0
        1	2014-10-01 06:52:36	1	5	2	0
      116	2014-10-01 07:08:19	1	5	1	0
      116	2014-10-01 07:08:20	1	5	1	0
       42	2014-10-01 07:27:39	1	5	1	0
       17	2014-10-01 07:29:59	1	5	1	0
       52	2014-10-01 07:40:40	1	5	1	0
       10	2014-10-01 07:42:10	1	5	1	0
       59	2014-10-01 07:52:15	1	5	1	0
      152	2014-10-01 07:53:58	1	5	1	0
      154	2014-10-01 07:54:00	1	5	1	0
       51	2014-10-01 08:04:35	1	5	1	0
       57	2014-10-01 08:06:32	1	5	2	0
       92	2014-10-01 08:06:43	1	5	1	0
       82	2014-10-01 08:08:20	1	5	1	0
       31	2014-10-01 08:10:35	1	4	1	0
       33	2014-10-01 08:13:14	1	4	1	0
       60	2014-10-01 08:24:52	1	4	1	0
       54	2014-10-01 08:25:30	1	4	1	0
       54	2014-10-01 08:25:31	1	4	1	0
       54	2014-10-01 08:25:51	1	5	1	0
        1	2014-10-01 08:42:40	1	5	2	0
       61	2014-10-01 08:45:55	1	5	1	0
       61	2014-10-01 08:45:56	1	5	1	0
      115	2014-10-01 08:47:08	1	4	1	0
       74	2014-10-01 08:56:50	1	4	1	0
      116	2014-10-01 11:15:43	1	5	1	0
       31	2014-10-01 12:01:08	1	5	1	0
       82	2014-10-01 12:06:14	1	5	1	0
      115	2014-10-01 12:11:07	1	5	1	0
        1	2014-10-01 12:13:02	1	5	2	0
       83	2014-10-01 12:13:34	1	5	1	0
      154	2014-10-01 12:14:24	1	5	1	0
      154	2014-10-01 12:15:21	1	5	1	0
      152	2014-10-01 12:15:23	1	5	1	0
       10	2014-10-01 12:17:27	1	5	8	0
       17	2014-10-01 12:18:17	1	5	1	0
       17	2014-10-01 12:18:18	1	5	1	0
       33	2014-10-01 12:21:58	1	5	1	0
       10	2014-10-01 13:42:03	1	0	1	0
       31	2014-10-01 13:46:01	1	0	1	0
       17	2014-10-01 13:57:54	1	0	1	0
      111	2014-10-01 14:00:18	1	0	1	0
        1	2014-10-01 14:01:47	1	0	2	0
      154	2014-10-01 14:05:46	1	0	1	0
       33	2014-10-01 14:13:01	1	0	1	0
       83	2014-10-01 14:24:21	1	0	1	0
       82	2014-10-01 14:36:20	1	0	1	0
       72	2014-10-01 15:41:25	1	0	8	0
       74	2014-10-01 16:12:04	1	0	1	0
      111	2014-10-01 17:56:53	1	5	1	0
       10	2014-10-01 18:03:26	1	5	1	0
      154	2014-10-01 18:06:32	1	5	1	0
        1	2014-10-01 18:07:38	1	5	2	0
       17	2014-10-01 18:11:45	1	5	1	0
       31	2014-10-01 18:14:22	1	5	1	0
       82	2014-10-01 18:40:04	1	5	1	0
       33	2014-10-01 19:45:06	1	5	1	0
        1	2014-10-01 21:17:01	1	5	2	0
       83	2014-10-01 21:35:00	1	5	1	0
       72	2014-10-01 23:12:12	1	0	8	0
      151	2014-10-02 06:26:35	1	0	1	0
        1	2014-10-02 06:28:06	1	0	2	0
      116	2014-10-02 07:18:14	1	5	1	0
      116	2014-10-02 07:18:19	1	5	1	0
        1	2014-10-02 07:35:18	1	5	2	0
       10	2014-10-02 07:37:53	1	5	1	0
       42	2014-10-02 07:43:48	1	5	1	0
      154	2014-10-02 07:44:22	1	4	1	0
      152	2014-10-02 07:44:26	1	4	1	0
       17	2014-10-02 07:45:12	1	4	1	0
       17	2014-10-02 07:45:13	1	4	1	0
       17	2014-10-02 07:45:14	1	4	1	0
       83	2014-10-02 07:46:56	1	4	1	0
       56	2014-10-02 07:49:35	1	4	1	0
       58	2014-10-02 07:53:26	1	4	1	0
       93	2014-10-02 08:02:55	1	4	1	0
       82	2014-10-02 08:03:43	1	4	1	0
       51	2014-10-02 08:09:28	1	4	1	0
       53	2014-10-02 08:09:56	1	4	2	0
       31	2014-10-02 08:12:51	1	4	1	0
       33	2014-10-02 08:14:23	1	4	1	0
       72	2014-10-02 08:29:27	1	4	8	0
       52	2014-10-02 08:42:55	1	5	1	0
       59	2014-10-02 08:43:07	1	5	1	0
       57	2014-10-02 09:02:07	1	5	2	0
      115	2014-10-02 09:19:45	1	5	1	0
      115	2014-10-02 09:19:48	1	5	1	0
      116	2014-10-02 11:49:25	1	5	1	0
       83	2014-10-02 12:09:35	1	5	1	0
       51	2014-10-02 12:11:10	1	5	1	0
       31	2014-10-02 12:11:48	1	5	1	0
       82	2014-10-02 12:12:41	1	5	1	0
        1	2014-10-02 12:14:46	1	5	2	0
       17	2014-10-02 12:20:07	1	5	1	0
       33	2014-10-02 12:21:04	1	5	1	0
      154	2014-10-02 12:21:23	1	5	1	0
      152	2014-10-02 12:21:28	1	5	1	0
       10	2014-10-02 12:23:31	1	5	1	0
       31	2014-10-02 13:59:33	1	4	1	0
        1	2014-10-02 14:02:06	1	4	2	0
      111	2014-10-02 14:02:41	1	4	1	0
      154	2014-10-02 14:04:19	1	4	1	0
      152	2014-10-02 14:04:34	1	4	1	0
       10	2014-10-02 14:04:55	1	4	8	0
       33	2014-10-02 14:07:33	1	4	1	0
       51	2014-10-02 14:12:11	1	4	1	0
       83	2014-10-02 14:29:59	1	4	1	0
       82	2014-10-02 14:31:22	1	4	1	0
       17	2014-10-02 14:32:18	1	4	1	0
      115	2014-10-02 15:10:08	1	5	1	0
      111	2014-10-02 18:09:00	1	5	1	0
      111	2014-10-02 18:09:01	1	5	1	0
       31	2014-10-02 18:12:18	1	5	1	0
       83	2014-10-02 18:15:35	1	5	1	0
       82	2014-10-02 18:35:26	1	5	1	0
       33	2014-10-02 18:39:42	1	5	1	0
       51	2014-10-02 18:58:05	1	5	1	0
       42	2014-10-02 20:04:51	1	5	1	0
       41	2014-10-02 20:04:56	1	5	2	0
       72	2014-10-02 23:38:06	1	5	8	0
       42	2014-10-03 07:08:11	1	5	1	0
      151	2014-10-03 07:08:59	1	5	1	0
      151	2014-10-03 07:09:10	1	4	1	0
       41	2014-10-03 07:09:42	1	4	2	0
      116	2014-10-03 07:15:08	1	4	1	0
       54	2014-10-03 07:47:40	1	4	1	0
       54	2014-10-03 07:47:45	1	4	1	0
       60	2014-10-03 07:53:12	1	4	1	0
       61	2014-10-03 08:05:40	1	4	1	0
       82	2014-10-03 08:13:38	1	4	1	0
        1	2014-10-03 08:14:11	1	4	2	0
       17	2014-10-03 08:14:21	1	4	1	0
      152	2014-10-03 08:15:15	1	4	1	0
       10	2014-10-03 08:15:39	1	4	8	0
      154	2014-10-03 08:16:34	1	4	1	0
       33	2014-10-03 08:18:20	1	4	1	0
       31	2014-10-03 08:24:47	1	4	1	0
      115	2014-10-03 08:24:53	1	4	1	0
       51	2014-10-03 08:28:53	1	4	1	0
       83	2014-10-03 08:31:15	1	4	1	0
       58	2014-10-03 08:43:15	1	4	1	0
       53	2014-10-03 08:43:26	1	4	2	0
       53	2014-10-03 08:43:53	1	5	2	0
       58	2014-10-03 08:43:59	1	5	1	0
       56	2014-10-03 08:44:05	1	5	1	0
       93	2014-10-03 08:44:11	1	5	1	0
       74	2014-10-03 08:46:33	1	5	1	0
      116	2014-10-03 11:11:08	1	4	1	0
       83	2014-10-03 12:15:34	1	4	1	0
       83	2014-10-03 12:15:43	1	5	1	0
      115	2014-10-03 12:16:01	1	5	1	0
       31	2014-10-03 12:18:34	1	5	1	0
       82	2014-10-03 12:19:37	1	5	1	0
       33	2014-10-03 12:31:09	1	5	1	0
       31	2014-10-03 13:54:58	1	4	1	0
       33	2014-10-03 14:04:43	1	4	1	0
      111	2014-10-03 14:06:26	1	4	1	0
       82	2014-10-03 14:28:29	1	4	1	0
       82	2014-10-03 14:28:30	1	4	1	0
       83	2014-10-03 14:29:24	1	4	1	0
      111	2014-10-03 18:07:25	1	5	1	0
      111	2014-10-03 18:07:27	1	5	1	0
       31	2014-10-03 18:10:43	1	5	1	0
       33	2014-10-03 18:28:36	1	5	1	0
       42	2014-10-03 18:35:24	1	5	1	0
       41	2014-10-03 18:35:30	1	5	2	0
       83	2014-10-03 18:42:11	1	5	1	0
       51	2014-10-03 18:43:43	1	5	1	0
       82	2014-10-03 18:44:03	1	5	1	0
       41	2014-10-03 20:52:34	1	5	2	0
       74	2014-10-03 23:08:21	1	0	1	0
      151	2014-10-04 06:25:59	1	0	1	0
       41	2014-10-04 07:05:01	1	0	2	0
      116	2014-10-04 07:09:50	1	0	1	0
        1	2014-10-04 07:26:59	1	0	2	0
       59	2014-10-04 07:44:07	1	0	1	0
       10	2014-10-04 07:47:41	1	0	1	0
       52	2014-10-04 07:49:48	1	0	1	0
      154	2014-10-04 07:57:20	1	0	1	0
      152	2014-10-04 07:57:25	1	0	1	0
       42	2014-10-04 08:00:32	1	0	1	0
       17	2014-10-04 08:05:09	1	0	1	0
       57	2014-10-04 08:05:30	1	0	2	0
       92	2014-10-04 08:07:30	1	0	1	0
       33	2014-10-04 08:09:10	1	0	1	0
       51	2014-10-04 08:13:52	1	0	1	0
       74	2014-10-04 08:24:42	1	0	1	0
       60	2014-10-04 08:26:01	1	0	1	0
       54	2014-10-04 08:27:13	1	5	1	0
       31	2014-10-04 08:27:22	1	4	1	0
       72	2014-10-04 08:28:29	1	5	8	0
       61	2014-10-04 08:29:14	1	5	1	0
       82	2014-10-04 08:36:46	1	5	1	0
      115	2014-10-04 08:53:00	1	5	1	0
      116	2014-10-04 11:05:53	1	5	1	0
       31	2014-10-04 12:10:04	1	5	1	0
       33	2014-10-04 12:23:28	1	5	1	0
       51	2014-10-04 12:26:08	1	5	1	0
       82	2014-10-04 12:56:56	1	5	1	0
      115	2014-10-04 13:12:45	1	5	1	0
      111	2014-10-04 14:07:04	1	5	1	0
       31	2014-10-04 14:09:39	1	4	1	0
       33	2014-10-04 14:14:16	1	4	1	0
       51	2014-10-04 14:29:01	1	4	1	0
       72	2014-10-04 16:35:09	1	5	8	0
       17	2014-10-04 16:46:49	1	5	1	0
        1	2014-10-04 16:48:04	1	5	2	0
       10	2014-10-04 16:50:08	1	5	1	0
      154	2014-10-04 16:51:21	1	5	1	0
       31	2014-10-04 17:31:35	1	5	1	0
      111	2014-10-04 18:03:38	1	5	1	0
      111	2014-10-04 18:03:39	1	5	1	0
       33	2014-10-04 18:13:52	1	5	1	0
       51	2014-10-04 18:26:57	1	5	1	0
       42	2014-10-04 19:10:47	1	5	1	0
       41	2014-10-04 19:10:54	1	5	2	0
       74	2014-10-04 23:23:55	1	0	1	0
      111	2014-10-05 06:55:03	1	0	1	0
      116	2014-10-05 06:55:55	1	0	1	0
       54	2014-10-05 07:52:11	1	0	1	0
       42	2014-10-05 07:55:20	1	0	1	0
       41	2014-10-05 07:55:24	1	0	2	0
      151	2014-10-05 07:55:28	1	0	1	0
       53	2014-10-05 08:06:27	1	0	2	0
       93	2014-10-05 08:06:40	1	0	1	0
       92	2014-10-05 08:25:33	1	5	1	0
      115	2014-10-05 09:17:13	1	5	1	0
       71	2014-10-05 09:18:08	1	5	1	0
      111	2014-10-05 11:29:16	1	5	1	0
      116	2014-10-05 11:51:33	1	5	1	0
       71	2014-10-05 12:42:14	1	5	1	0
       71	2014-10-05 14:56:43	1	0	1	0
       42	2014-10-05 20:38:44	1	0	1	0
       41	2014-10-05 20:38:50	1	0	2	0
       71	2014-10-05 23:05:45	1	0	1	0
      151	2014-10-06 06:31:56	1	0	1	0
        1	2014-10-06 06:46:33	1	0	2	0
      111	2014-10-06 07:01:24	1	0	1	0
       10	2014-10-06 07:24:21	1	0	1	0
       42	2014-10-06 07:27:52	1	0	1	0
        1	2014-10-06 07:38:26	1	0	2	0
       17	2014-10-06 07:42:33	1	0	1	0
       17	2014-10-06 07:42:34	1	0	1	0
       59	2014-10-06 07:53:24	1	0	1	0
      154	2014-10-06 07:58:55	1	0	1	0
      152	2014-10-06 07:58:59	1	0	1	0
       60	2014-10-06 08:00:30	1	0	1	0
       57	2014-10-06 08:01:48	1	0	2	0
       82	2014-10-06 08:05:11	1	0	1	0
       51	2014-10-06 08:13:11	1	0	1	0
       33	2014-10-06 08:14:48	1	0	1	0
       33	2014-10-06 08:14:49	1	0	1	0
       83	2014-10-06 08:19:50	1	0	1	0
       31	2014-10-06 08:20:59	1	0	1	0
       54	2014-10-06 08:35:49	1	0	1	0
       53	2014-10-06 08:36:14	1	5	2	0
       93	2014-10-06 08:39:03	1	5	1	0
       74	2014-10-06 08:52:34	1	5	1	0
      115	2014-10-06 09:25:01	1	5	1	0
       58	2014-10-06 10:58:13	1	5	1	0
      111	2014-10-06 11:06:42	1	5	1	0
       59	2014-10-06 12:00:50	1	5	1	0
       31	2014-10-06 12:06:51	1	5	1	0
       83	2014-10-06 12:08:08	1	5	1	0
       82	2014-10-06 12:10:41	1	5	1	0
      154	2014-10-06 12:14:32	1	5	1	0
       51	2014-10-06 12:15:13	1	5	1	0
      152	2014-10-06 12:15:39	1	5	1	0
       81	2014-10-06 12:16:58	1	5	1	0
        1	2014-10-06 12:17:45	1	5	2	0
       17	2014-10-06 12:18:36	1	5	1	0
       33	2014-10-06 12:23:42	1	5	1	0
      115	2014-10-06 13:14:11	1	5	1	0
       59	2014-10-06 13:55:30	1	5	1	0
       31	2014-10-06 14:00:56	1	4	1	0
      154	2014-10-06 14:01:44	1	4	1	0
      152	2014-10-06 14:01:49	1	4	1	0
        1	2014-10-06 14:03:25	1	4	2	0
       17	2014-10-06 14:04:43	1	4	1	0
       33	2014-10-06 14:15:52	1	4	1	0
       83	2014-10-06 14:21:12	1	4	1	0
       82	2014-10-06 14:25:37	1	4	1	0
       51	2014-10-06 14:31:19	1	4	1	0
      116	2014-10-06 14:57:03	1	4	1	0
       72	2014-10-06 15:38:54	1	4	8	0
       81	2014-10-06 15:53:15	1	4	1	0
       74	2014-10-06 15:57:09	1	4	1	0
       83	2014-10-06 18:05:03	1	5	1	0
       31	2014-10-06 18:06:28	1	5	1	0
       81	2014-10-06 18:06:35	1	5	1	0
        1	2014-10-06 18:31:35	1	5	2	0
       17	2014-10-06 18:31:51	1	5	1	0
      154	2014-10-06 18:32:46	1	5	1	0
      152	2014-10-06 18:33:02	1	5	1	0
       51	2014-10-06 18:33:35	1	5	1	0
      116	2014-10-06 18:34:21	1	5	1	0
       59	2014-10-06 18:43:44	1	5	1	0
       82	2014-10-06 18:43:50	1	5	1	0
       33	2014-10-06 18:51:34	1	5	1	0
       81	2014-10-06 21:05:08	1	5	1	0
       81	2014-10-06 21:05:11	1	5	1	0
       56	2014-10-06 21:51:41	1	5	1	0
       58	2014-10-06 22:15:39	1	5	1	0
       58	2014-10-06 22:15:47	1	4	1	0
       81	2014-10-06 22:53:28	1	4	1	0
       72	2014-10-06 23:52:50	1	4	8	0
      151	2014-10-07 06:25:02	1	4	1	0
        1	2014-10-07 06:56:59	1	4	2	0
      111	2014-10-07 07:00:11	1	4	1	0
       42	2014-10-07 07:11:15	1	4	1	0
       17	2014-10-07 07:12:49	1	4	1	0
        1	2014-10-07 07:34:47	1	4	2	0
       59	2014-10-07 07:53:35	1	4	1	0
       52	2014-10-07 07:55:36	1	4	1	0
       61	2014-10-07 07:55:57	1	4	1	0
      152	2014-10-07 07:56:35	1	4	1	0
       10	2014-10-07 08:00:36	1	4	1	0
      154	2014-10-07 08:03:25	1	4	1	0
       82	2014-10-07 08:05:56	1	4	1	0
       33	2014-10-07 08:09:17	1	4	1	0
       83	2014-10-07 08:10:25	1	4	1	0
       72	2014-10-07 08:12:25	1	4	8	0
       92	2014-10-07 08:12:37	1	4	1	0
       31	2014-10-07 08:16:00	1	4	1	0
       51	2014-10-07 08:16:34	1	4	1	0
       60	2014-10-07 08:40:54	1	4	1	0
       56	2014-10-07 08:47:16	1	4	1	0
       57	2014-10-07 08:48:28	1	4	2	0
       81	2014-10-07 09:03:09	1	4	1	0
      115	2014-10-07 09:15:44	1	4	1	0
      111	2014-10-07 11:28:59	1	4	1	0
       59	2014-10-07 12:00:43	1	5	1	0
       82	2014-10-07 12:08:35	1	5	1	0
       83	2014-10-07 12:09:19	1	5	1	0
       31	2014-10-07 12:11:02	1	5	1	0
       81	2014-10-07 12:12:28	1	5	1	0
        1	2014-10-07 12:14:12	1	5	2	0
      154	2014-10-07 12:19:13	1	5	1	0
      152	2014-10-07 12:19:33	1	5	1	0
       33	2014-10-07 12:19:41	1	5	1	0
       10	2014-10-07 12:22:18	1	5	1	0
       10	2014-10-07 13:34:46	1	5	1	0
       31	2014-10-07 13:45:33	1	4	1	0
       83	2014-10-07 13:59:45	1	4	1	0
        1	2014-10-07 14:03:47	1	4	2	0
      154	2014-10-07 14:04:04	1	4	1	0
      152	2014-10-07 14:04:26	1	4	1	0
       59	2014-10-07 14:07:31	1	4	1	0
      115	2014-10-07 14:09:19	1	4	1	0
       17	2014-10-07 14:10:57	1	4	1	0
       33	2014-10-07 14:15:06	1	4	1	0
      116	2014-10-07 15:06:34	1	4	1	0
       81	2014-10-07 15:27:57	1	4	1	0
       83	2014-10-07 18:02:20	1	4	1	0
       83	2014-10-07 18:02:26	1	5	1	0
       31	2014-10-07 18:13:58	1	5	1	0
        1	2014-10-07 18:16:20	1	5	2	0
       10	2014-10-07 18:20:50	1	5	1	0
      152	2014-10-07 18:21:00	1	5	1	0
      154	2014-10-07 18:21:15	1	5	1	0
       59	2014-10-07 18:24:54	1	5	1	0
       17	2014-10-07 18:28:14	1	5	1	0
      116	2014-10-07 18:34:09	1	5	1	0
       81	2014-10-07 18:41:08	1	5	1	0
       33	2014-10-07 19:02:25	1	5	1	0
       42	2014-10-07 19:29:27	1	5	1	0
       41	2014-10-07 19:29:32	1	5	2	0
       51	2014-10-07 21:57:28	1	0	1	0
       58	2014-10-07 22:26:01	1	0	1	0
       72	2014-10-07 23:22:09	1	0	8	0
      151	2014-10-08 06:43:40	1	0	1	0
       41	2014-10-08 06:45:15	1	0	2	0
      111	2014-10-08 06:55:42	1	0	1	0
       42	2014-10-08 07:16:24	1	0	1	0
        1	2014-10-08 07:28:44	1	0	2	0
       17	2014-10-08 07:36:10	1	0	1	0
       17	2014-10-08 07:36:11	1	0	1	0
       10	2014-10-08 07:41:18	1	0	1	0
      152	2014-10-08 07:45:32	1	0	1	0
      154	2014-10-08 07:45:36	1	0	1	0
       59	2014-10-08 07:54:16	1	0	1	0
       54	2014-10-08 07:55:17	1	0	1	0
       93	2014-10-08 08:01:34	1	0	1	0
       82	2014-10-08 08:06:04	1	0	1	0
       33	2014-10-08 08:09:35	1	0	1	0
       53	2014-10-08 08:10:45	1	0	2	0
       51	2014-10-08 08:15:24	1	0	1	0
       31	2014-10-08 08:17:49	1	0	1	0
       83	2014-10-08 08:18:40	1	0	1	0
      115	2014-10-08 08:20:16	1	0	1	0
      115	2014-10-08 08:20:17	1	0	1	0
       92	2014-10-08 08:23:50	1	5	1	0
       58	2014-10-08 08:37:45	1	5	1	0
       56	2014-10-08 08:37:51	1	5	1	0
       61	2014-10-08 08:38:10	1	5	1	0
       52	2014-10-08 08:38:14	1	5	1	0
       74	2014-10-08 08:41:59	1	5	1	0
       81	2014-10-08 08:48:56	1	4	1	0
      111	2014-10-08 11:24:30	1	4	1	0
       59	2014-10-08 12:10:10	1	4	1	0
        1	2014-10-08 12:12:35	1	5	2	0
       82	2014-10-08 12:12:43	1	5	1	0
       31	2014-10-08 12:13:23	1	5	1	0
       83	2014-10-08 12:13:48	1	5	1	0
       81	2014-10-08 12:15:26	1	5	1	0
       33	2014-10-08 12:15:44	1	5	1	0
       10	2014-10-08 12:16:41	1	5	1	0
      154	2014-10-08 12:16:50	1	5	1	0
      152	2014-10-08 12:17:10	1	5	1	0
       17	2014-10-08 12:17:55	1	5	1	0
       51	2014-10-08 12:18:04	1	5	1	0
       31	2014-10-08 13:53:58	1	4	1	0
       10	2014-10-08 14:04:23	1	4	1	0
      152	2014-10-08 14:04:28	1	4	1	0
        1	2014-10-08 14:04:34	1	4	2	0
      154	2014-10-08 14:04:49	1	4	1	0
       17	2014-10-08 14:04:51	1	4	1	0
       59	2014-10-08 14:08:22	1	4	1	0
       33	2014-10-08 14:11:58	1	4	1	0
       51	2014-10-08 14:12:04	1	4	1	0
       83	2014-10-08 14:26:22	1	4	1	0
       82	2014-10-08 14:28:34	1	4	1	0
       81	2014-10-08 15:03:02	1	4	1	0
      116	2014-10-08 15:14:44	1	4	1	0
      115	2014-10-08 15:31:04	1	4	1	0
      116	2014-10-08 18:08:14	1	4	1	0
        1	2014-10-08 18:14:13	1	4	2	0
       10	2014-10-08 18:15:07	1	4	1	0
       31	2014-10-08 18:17:43	1	5	1	0
      154	2014-10-08 18:18:35	1	5	1	0
      152	2014-10-08 18:18:48	1	5	1	0
       17	2014-10-08 18:19:41	1	5	1	0
       59	2014-10-08 18:24:18	1	5	1	0
       59	2014-10-08 18:24:32	1	5	1	0
       83	2014-10-08 18:27:09	1	5	1	0
       81	2014-10-08 18:33:12	1	5	1	0
       33	2014-10-08 18:34:29	1	5	1	0
       33	2014-10-08 18:34:31	1	5	1	0
       82	2014-10-08 18:41:45	1	5	1	0
       51	2014-10-08 18:44:00	1	5	1	0
       42	2014-10-08 19:12:32	1	5	1	0
       41	2014-10-08 19:12:38	1	5	2	0
       56	2014-10-08 22:43:29	1	5	1	0
       58	2014-10-08 22:50:38	1	5	1	0
       58	2014-10-08 22:50:47	1	4	1	0
       74	2014-10-08 22:59:57	1	4	1	0
       41	2014-10-09 06:22:43	1	4	2	0
      151	2014-10-09 06:23:28	1	4	1	0
      111	2014-10-09 06:54:25	1	4	1	0
       42	2014-10-09 07:04:56	1	4	1	0
       17	2014-10-09 07:28:55	1	4	1	0
        1	2014-10-09 07:42:13	1	4	2	0
      154	2014-10-09 07:44:42	1	4	1	0
       10	2014-10-09 07:45:56	1	4	1	0
      152	2014-10-09 07:46:47	1	4	1	0
       59	2014-10-09 07:57:57	1	4	1	0
       57	2014-10-09 08:00:29	1	4	2	0
       60	2014-10-09 08:02:10	1	4	1	0
       82	2014-10-09 08:04:04	1	4	1	0
       33	2014-10-09 08:08:01	1	4	1	0
       31	2014-10-09 08:08:49	1	4	1	0
       56	2014-10-09 08:18:22	1	5	1	0
       58	2014-10-09 08:18:38	1	5	1	0
       51	2014-10-09 08:20:40	1	5	1	0
      115	2014-10-09 08:22:53	1	5	1	0
       83	2014-10-09 08:30:59	1	5	1	0
       93	2014-10-09 08:31:47	1	5	1	0
       54	2014-10-09 08:34:03	1	5	1	0
       53	2014-10-09 08:36:25	1	5	2	0
       74	2014-10-09 08:43:51	1	5	1	0
       81	2014-10-09 08:45:33	1	5	1	0
      111	2014-10-09 11:00:34	1	5	1	0
      111	2014-10-09 11:00:35	1	5	1	0
       17	2014-10-09 11:57:26	1	4	1	0
       59	2014-10-09 12:04:35	1	5	1	0
       31	2014-10-09 12:10:14	1	5	1	0
       82	2014-10-09 12:11:11	1	5	1	0
       83	2014-10-09 12:11:37	1	5	1	0
       81	2014-10-09 12:11:48	1	5	1	0
        1	2014-10-09 12:12:08	1	5	2	0
      154	2014-10-09 12:12:20	1	5	1	0
      152	2014-10-09 12:13:17	1	5	1	0
       33	2014-10-09 12:15:02	1	5	1	0
       10	2014-10-09 12:15:51	1	5	1	0
       51	2014-10-09 12:18:57	1	5	1	0
      115	2014-10-09 12:51:19	1	5	1	0
      115	2014-10-09 12:51:20	1	5	1	0
       10	2014-10-09 13:42:05	1	5	1	0
       31	2014-10-09 13:51:01	1	4	1	0
       59	2014-10-09 13:55:03	1	4	1	0
       17	2014-10-09 14:00:49	1	4	1	0
      152	2014-10-09 14:02:15	1	4	1	0
        1	2014-10-09 14:03:43	1	4	2	0
      154	2014-10-09 14:04:36	1	4	1	0
        3	2014-10-09 14:13:12	1	4	1	0
       33	2014-10-09 14:14:19	1	4	1	0
       82	2014-10-09 14:28:03	1	4	1	0
       83	2014-10-09 14:36:50	1	4	1	0
      116	2014-10-09 14:50:07	1	4	1	0
      116	2014-10-09 14:50:09	1	4	1	0
       51	2014-10-09 14:57:18	1	4	1	0
       72	2014-10-09 15:26:42	1	4	8	0
       81	2014-10-09 15:36:31	1	4	1	0
       74	2014-10-09 15:42:29	1	4	1	0
        3	2014-10-09 17:43:18	1	5	1	0
      116	2014-10-09 18:08:14	1	5	1	0
       10	2014-10-09 18:16:12	1	5	1	0
        1	2014-10-09 18:16:53	1	5	2	0
      154	2014-10-09 18:18:37	1	5	1	0
      152	2014-10-09 18:18:45	1	5	1	0
       17	2014-10-09 18:22:06	1	5	1	0
       83	2014-10-09 18:29:37	1	5	1	0
       82	2014-10-09 18:33:36	1	5	1	0
       59	2014-10-09 18:37:38	1	5	1	0
       81	2014-10-09 18:38:25	1	5	1	0
       41	2014-10-09 19:03:40	1	5	2	0
       42	2014-10-09 19:05:39	1	5	1	0
       33	2014-10-09 19:06:48	1	5	1	0
       33	2014-10-09 19:06:59	1	5	1	0
       83	2014-10-09 21:00:50	1	5	1	0
       51	2014-10-09 22:23:01	1	5	1	0
       56	2014-10-09 22:39:23	1	4	1	0
       58	2014-10-09 22:46:30	1	4	1	0
       72	2014-10-09 23:13:11	1	5	8	0
      151	2014-10-10 06:18:37	1	4	1	0
       41	2014-10-10 06:18:46	1	4	2	0
       83	2014-10-10 06:55:11	1	4	1	0
      111	2014-10-10 07:02:57	1	4	1	0
       42	2014-10-10 07:29:37	1	4	1	0
      152	2014-10-10 07:44:36	1	4	1	0
      154	2014-10-10 07:44:41	1	4	1	0
       10	2014-10-10 07:45:24	1	4	1	0
       17	2014-10-10 07:45:30	1	5	1	0
       17	2014-10-10 07:45:38	1	4	1	0
       52	2014-10-10 07:56:26	1	4	1	0
       52	2014-10-10 07:56:38	1	4	1	0
       61	2014-10-10 07:56:55	1	4	1	0
       61	2014-10-10 07:57:04	1	4	1	0
       59	2014-10-10 08:05:28	1	4	1	0
       33	2014-10-10 08:06:24	1	4	1	0
       33	2014-10-10 08:06:27	1	4	1	0
       82	2014-10-10 08:07:15	1	4	1	0
        3	2014-10-10 08:09:06	1	4	1	0
       51	2014-10-10 08:09:18	1	4	1	0
       92	2014-10-10 08:13:55	1	4	1	0
       31	2014-10-10 08:24:01	1	4	1	0
      115	2014-10-10 08:32:56	1	4	1	0
       72	2014-10-10 08:35:07	1	4	8	0
        2	2014-10-10 08:38:28	1	4	1	0
       60	2014-10-10 08:40:43	1	4	1	0
       81	2014-10-10 08:51:10	1	4	1	0
       57	2014-10-10 09:08:51	1	4	2	0
       56	2014-10-10 09:17:26	1	5	1	0
       58	2014-10-10 09:17:59	1	5	1	0
      111	2014-10-10 11:06:54	1	5	1	0
      111	2014-10-10 11:07:01	1	5	1	0
       59	2014-10-10 12:02:36	1	5	1	0
       31	2014-10-10 12:07:01	1	5	1	0
      152	2014-10-10 12:07:49	1	5	1	0
      154	2014-10-10 12:08:25	1	5	1	0
       17	2014-10-10 12:08:39	1	5	1	0
       10	2014-10-10 12:12:05	1	5	1	0
       51	2014-10-10 12:17:52	1	5	1	0
       33	2014-10-10 12:24:53	1	5	1	0
       83	2014-10-10 12:39:46	1	5	1	0
       82	2014-10-10 12:41:15	1	5	1	0
       81	2014-10-10 12:46:04	1	5	1	0
       31	2014-10-10 13:57:43	1	4	1	0
      154	2014-10-10 13:59:37	1	4	1	0
      152	2014-10-10 13:59:41	1	4	1	0
       51	2014-10-10 14:05:19	1	4	1	0
       17	2014-10-10 14:06:28	1	4	1	0
       17	2014-10-10 14:06:29	1	4	1	0
       59	2014-10-10 14:07:39	1	4	1	0
       33	2014-10-10 14:15:56	1	4	1	0
       33	2014-10-10 14:15:57	1	4	1	0
       82	2014-10-10 14:29:07	1	4	1	0
        3	2014-10-10 14:33:52	1	4	1	0
      115	2014-10-10 14:36:18	1	5	1	0
       83	2014-10-10 14:42:35	1	5	1	0
      116	2014-10-10 14:54:31	1	5	1	0
      116	2014-10-10 14:54:44	1	4	1	0
       81	2014-10-10 16:30:25	1	4	1	0
        3	2014-10-10 17:57:04	1	4	1	0
      116	2014-10-10 18:06:14	1	4	1	0
       10	2014-10-10 18:16:16	1	4	1	0
       17	2014-10-10 18:17:39	1	4	1	0
       17	2014-10-10 18:17:53	1	5	1	0
       10	2014-10-10 18:18:01	1	5	1	0
      154	2014-10-10 18:20:44	1	5	1	0
       59	2014-10-10 18:30:55	1	5	1	0
       33	2014-10-10 18:57:46	1	5	1	0
       83	2014-10-10 19:23:42	1	5	1	0
       82	2014-10-10 19:25:05	1	5	1	0
       81	2014-10-10 19:33:10	1	5	1	0
       51	2014-10-10 20:33:40	1	5	1	0
       42	2014-10-10 21:05:43	1	5	1	0
       41	2014-10-10 21:05:51	1	5	2	0
       56	2014-10-10 22:42:58	1	4	1	0
       58	2014-10-10 22:49:37	1	4	1	0
       72	2014-10-10 23:39:04	1	4	8	0
      151	2014-10-11 06:47:43	1	4	1	0
       41	2014-10-11 06:47:55	1	4	2	0
      111	2014-10-11 07:01:38	1	4	1	0
       42	2014-10-11 07:26:04	1	4	1	0
       17	2014-10-11 07:32:24	1	4	1	0
       17	2014-10-11 07:32:24	1	4	1	0
      152	2014-10-11 07:42:26	1	4	1	0
      154	2014-10-11 07:42:31	1	4	1	0
       10	2014-10-11 07:44:11	1	4	1	0
       54	2014-10-11 07:44:34	1	4	1	0
       51	2014-10-11 07:45:38	1	4	1	0
       59	2014-10-11 07:48:12	1	4	1	0
        3	2014-10-11 07:48:42	1	4	1	0
       92	2014-10-11 08:01:18	1	5	1	0
       93	2014-10-11 08:02:45	1	4	1	0
       31	2014-10-11 08:03:23	1	4	1	0
       33	2014-10-11 08:06:46	1	4	1	0
       53	2014-10-11 08:08:36	1	4	2	0
      115	2014-10-11 08:48:31	1	4	1	0
       81	2014-10-11 08:54:01	1	4	1	0
       74	2014-10-11 08:55:19	1	4	1	0
       61	2014-10-11 09:12:10	1	5	1	0
       52	2014-10-11 09:12:19	1	5	1	0
       58	2014-10-11 09:22:53	1	5	1	0
       56	2014-10-11 09:23:01	1	5	1	0
       31	2014-10-11 12:10:06	1	5	1	0
       59	2014-10-11 12:30:08	1	5	1	0
       33	2014-10-11 12:38:19	1	5	1	0
        3	2014-10-11 13:02:12	1	5	1	0
      111	2014-10-11 13:51:11	1	5	1	0
      116	2014-10-11 13:55:03	1	4	1	0
       33	2014-10-11 14:09:16	1	4	1	0
       59	2014-10-11 14:13:28	1	4	1	0
       31	2014-10-11 14:14:36	1	4	1	0
        3	2014-10-11 14:21:33	1	4	1	0
      115	2014-10-11 14:32:45	1	4	1	0
      152	2014-10-11 17:01:59	1	4	1	0
       10	2014-10-11 17:02:14	1	5	1	0
      154	2014-10-11 17:02:20	1	5	1	0
       31	2014-10-11 17:04:51	1	5	1	0
       59	2014-10-11 17:09:54	1	5	1	0
       17	2014-10-11 17:11:10	1	5	1	0
        3	2014-10-11 17:45:14	1	5	1	0
        3	2014-10-11 17:45:17	1	5	1	0
       33	2014-10-11 17:54:31	1	5	1	0
      116	2014-10-11 18:17:00	1	5	1	0
      116	2014-10-11 18:17:10	1	5	1	0
       51	2014-10-11 18:49:59	1	5	1	0
       41	2014-10-11 19:43:08	1	5	2	0
       58	2014-10-11 22:48:27	1	4	1	0
       56	2014-10-11 22:51:57	1	4	1	0
       74	2014-10-11 23:01:38	1	4	1	0
      151	2014-10-12 06:16:33	1	4	1	0
       41	2014-10-12 07:28:52	1	4	2	0
       42	2014-10-12 07:40:54	1	4	1	0
       60	2014-10-12 08:02:15	1	4	1	0
       53	2014-10-12 08:21:27	1	4	2	0
       57	2014-10-12 08:29:53	1	4	2	0
       71	2014-10-12 16:48:42	1	4	1	0
       81	2014-10-12 20:21:12	1	4	1	0
       41	2014-10-12 20:36:15	1	5	2	0
       58	2014-10-12 22:37:59	1	4	1	0
       56	2014-10-12 22:39:24	1	4	1	0
       71	2014-10-12 23:10:25	1	4	1	0
       41	2014-10-13 05:59:06	1	4	2	0
      116	2014-10-13 07:13:14	1	4	1	0
       42	2014-10-13 07:24:16	1	4	1	0
       17	2014-10-13 07:32:41	1	4	1	0
       10	2014-10-13 07:38:13	1	4	1	0
      152	2014-10-13 07:48:43	1	4	1	0
      154	2014-10-13 07:50:54	1	4	1	0
       59	2014-10-13 07:57:43	1	4	1	0
       52	2014-10-13 07:58:44	1	4	1	0
       52	2014-10-13 07:58:50	1	4	1	0
       82	2014-10-13 08:07:17	1	4	1	0
       51	2014-10-13 08:07:23	1	4	1	0
       51	2014-10-13 08:07:24	1	4	1	0
       92	2014-10-13 08:08:40	1	4	1	0
        3	2014-10-13 08:09:48	1	4	1	0
       61	2014-10-13 08:10:57	1	4	1	0
       33	2014-10-13 08:12:01	1	4	1	0
       31	2014-10-13 08:17:02	1	4	1	0
      151	2014-10-13 08:23:42	1	4	1	0
       83	2014-10-13 08:25:23	1	4	1	0
        2	2014-10-13 08:30:34	1	4	1	0
       60	2014-10-13 08:36:09	1	5	1	0
       81	2014-10-13 08:44:12	1	5	1	0
       57	2014-10-13 08:44:43	1	5	2	0
      115	2014-10-13 08:53:57	1	5	1	0
       58	2014-10-13 10:08:48	1	5	1	0
       56	2014-10-13 10:27:15	1	5	1	0
      116	2014-10-13 11:21:21	1	5	1	0
       82	2014-10-13 12:08:13	1	5	1	0
       31	2014-10-13 12:11:03	1	5	1	0
       83	2014-10-13 12:11:18	1	5	1	0
       59	2014-10-13 12:11:46	1	5	1	0
      154	2014-10-13 12:13:01	1	5	1	0
      152	2014-10-13 12:13:05	1	5	1	0
       17	2014-10-13 12:14:19	1	5	1	0
      115	2014-10-13 12:19:47	1	5	1	0
       51	2014-10-13 12:25:04	1	5	1	0
       33	2014-10-13 12:27:26	1	5	1	0
       81	2014-10-13 12:35:00	1	5	1	0
       10	2014-10-13 13:48:58	1	4	1	0
       31	2014-10-13 13:54:43	1	4	1	0
      111	2014-10-13 13:57:31	1	4	1	0
       17	2014-10-13 14:01:14	1	4	1	0
      154	2014-10-13 14:01:29	1	4	1	0
      152	2014-10-13 14:01:33	1	4	1	0
       51	2014-10-13 14:06:40	1	4	1	0
       59	2014-10-13 14:09:28	1	4	1	0
       33	2014-10-13 14:14:32	1	4	1	0
       82	2014-10-13 14:24:20	1	4	1	0
        3	2014-10-13 14:29:11	1	4	1	0
       83	2014-10-13 14:40:16	1	4	1	0
       81	2014-10-13 15:13:01	1	4	1	0
        3	2014-10-13 17:47:57	1	4	1	0
      111	2014-10-13 18:09:26	1	5	1	0
       31	2014-10-13 18:17:43	1	5	1	0
       10	2014-10-13 18:19:01	1	5	1	0
       17	2014-10-13 18:19:40	1	5	1	0
      154	2014-10-13 18:20:33	1	5	1	0
      152	2014-10-13 18:21:46	1	5	1	0
       51	2014-10-13 18:23:42	1	5	1	0
       59	2014-10-13 18:43:57	1	5	1	0
       83	2014-10-13 18:44:11	1	5	1	0
       82	2014-10-13 18:45:10	1	5	1	0
       81	2014-10-13 19:01:32	1	5	1	0
       42	2014-10-13 20:04:18	1	5	1	0
       41	2014-10-13 20:04:23	1	5	2	0
       33	2014-10-13 20:39:07	1	5	1	0
       58	2014-10-13 22:58:54	1	5	1	0
       56	2014-10-13 23:19:36	1	4	1	0
       72	2014-10-13 23:30:57	1	4	8	0
      151	2014-10-14 06:36:38	1	4	1	0
       41	2014-10-14 06:37:55	1	4	2	0
      116	2014-10-14 07:08:28	1	4	1	0
       42	2014-10-14 07:22:02	1	4	1	0
      152	2014-10-14 07:46:20	1	4	1	0
      154	2014-10-14 07:46:42	1	4	1	0
       10	2014-10-14 07:50:09	1	4	1	0
       54	2014-10-14 07:52:40	1	4	1	0
       54	2014-10-14 07:52:41	1	4	1	0
       59	2014-10-14 07:53:45	1	4	1	0
       17	2014-10-14 07:54:46	1	4	1	0
       93	2014-10-14 08:02:38	1	4	1	0
       82	2014-10-14 08:08:01	1	4	1	0
       83	2014-10-14 08:08:16	1	4	1	0
       53	2014-10-14 08:09:28	1	4	2	0
       33	2014-10-14 08:09:58	1	4	1	0
        3	2014-10-14 08:10:11	1	4	1	0
       51	2014-10-14 08:10:20	1	4	1	0
      115	2014-10-14 08:10:58	1	4	1	0
       31	2014-10-14 08:17:19	1	4	1	0
       92	2014-10-14 08:23:34	1	5	1	0
       92	2014-10-14 08:23:35	1	5	1	0
       81	2014-10-14 08:43:14	1	5	1	0
       74	2014-10-14 08:46:49	1	5	1	0
       52	2014-10-14 08:50:54	1	5	1	0
       61	2014-10-14 08:50:56	1	5	1	0
      116	2014-10-14 10:44:57	1	5	1	0
      116	2014-10-14 10:45:00	1	5	1	0
       56	2014-10-14 11:06:18	1	5	1	0
       58	2014-10-14 11:08:05	1	5	1	0
       59	2014-10-14 12:06:56	1	5	1	0
       31	2014-10-14 12:08:15	1	5	1	0
       82	2014-10-14 12:09:28	1	5	1	0
       83	2014-10-14 12:12:01	1	5	1	0
       51	2014-10-14 12:16:55	1	5	1	0
      152	2014-10-14 12:18:49	1	5	1	0
       17	2014-10-14 12:19:25	1	5	1	0
      154	2014-10-14 12:19:32	1	5	1	0
       10	2014-10-14 12:20:45	1	5	1	0
       81	2014-10-14 12:24:47	1	5	1	0
       81	2014-10-14 12:24:49	1	5	1	0
       33	2014-10-14 12:36:23	1	5	1	0
      115	2014-10-14 12:44:39	1	5	1	0
       10	2014-10-14 13:41:07	1	4	1	0
       51	2014-10-14 13:57:29	1	4	1	0
       51	2014-10-14 13:57:30	1	4	1	0
       17	2014-10-14 14:03:17	1	4	1	0
      154	2014-10-14 14:04:41	1	4	1	0
       59	2014-10-14 14:06:39	1	4	1	0
       31	2014-10-14 14:07:00	1	4	1	0
      152	2014-10-14 14:07:37	1	4	1	0
      111	2014-10-14 14:13:23	1	4	1	0
      111	2014-10-14 14:13:29	1	4	1	0
       33	2014-10-14 14:14:40	1	4	1	0
        3	2014-10-14 14:16:24	1	4	1	0
       82	2014-10-14 14:29:01	1	4	1	0
       83	2014-10-14 14:35:33	1	4	1	0
       81	2014-10-14 15:41:10	1	4	1	0
        3	2014-10-14 17:52:38	1	4	1	0
       59	2014-10-14 18:14:07	1	5	1	0
       31	2014-10-14 18:15:01	1	5	1	0
      152	2014-10-14 18:30:26	1	5	1	0
       10	2014-10-14 18:30:51	1	5	1	0
      154	2014-10-14 18:31:04	1	5	1	0
       17	2014-10-14 18:33:37	1	5	1	0
       82	2014-10-14 18:38:08	1	5	1	0
       81	2014-10-14 18:40:33	1	5	1	0
       83	2014-10-14 18:41:17	1	5	1	0
      111	2014-10-14 18:54:13	1	5	1	0
       51	2014-10-14 19:01:02	1	5	1	0
       33	2014-10-14 19:02:47	1	5	1	0
       42	2014-10-14 19:04:18	1	5	1	0
       41	2014-10-14 19:04:23	1	5	2	0
       56	2014-10-14 22:50:37	1	0	1	0
       58	2014-10-14 22:56:11	1	0	1	0
       74	2014-10-14 23:16:29	1	0	1	0
      151	2014-10-15 06:25:02	1	0	1	0
      116	2014-10-15 07:06:12	1	0	1	0
       41	2014-10-15 07:10:06	1	0	2	0
       42	2014-10-15 07:15:39	1	0	1	0
       10	2014-10-15 07:46:15	1	0	1	0
       17	2014-10-15 07:54:37	1	0	1	0
       59	2014-10-15 07:56:57	1	0	1	0
      152	2014-10-15 07:58:23	1	0	1	0
      154	2014-10-15 07:58:26	1	0	1	0
        3	2014-10-15 07:58:42	1	4	1	0
        3	2014-10-15 07:58:44	1	4	1	0
       57	2014-10-15 08:00:04	1	4	2	0
       60	2014-10-15 08:03:11	1	4	1	0
        2	2014-10-15 08:03:30	1	4	1	0
       51	2014-10-15 08:05:33	1	4	1	0
       82	2014-10-15 08:05:48	1	4	1	0
       31	2014-10-15 08:07:16	1	4	1	0
       33	2014-10-15 08:09:37	1	4	1	0
       83	2014-10-15 08:13:19	1	4	1	0
       54	2014-10-15 08:23:52	1	4	1	0
       93	2014-10-15 08:25:52	1	4	1	0
       58	2014-10-15 08:36:48	1	5	1	0
       81	2014-10-15 08:36:55	1	4	1	0
      115	2014-10-15 08:51:27	1	4	1	0
       74	2014-10-15 08:52:05	1	4	1	0
       56	2014-10-15 09:07:39	1	4	1	0
      116	2014-10-15 11:07:49	1	4	1	0
       17	2014-10-15 12:11:21	1	4	1	0
       82	2014-10-15 12:11:33	1	5	1	0
       31	2014-10-15 12:12:15	1	5	1	0
       10	2014-10-15 12:13:13	1	5	1	0
       83	2014-10-15 12:19:59	1	5	1	0
       33	2014-10-15 12:22:02	1	5	1	0
       81	2014-10-15 12:30:22	1	5	1	0
      115	2014-10-15 13:14:50	1	5	1	0
       10	2014-10-15 13:36:59	1	4	1	0
       31	2014-10-15 13:42:35	1	4	1	0
       17	2014-10-15 13:56:04	1	4	1	0
      154	2014-10-15 14:06:08	1	4	1	0
      111	2014-10-15 14:06:37	1	4	1	0
       33	2014-10-15 14:12:45	1	4	1	0
        3	2014-10-15 14:13:59	1	4	1	0
       82	2014-10-15 14:29:07	1	4	1	0
       83	2014-10-15 14:47:21	1	4	1	0
       81	2014-10-15 15:24:39	1	4	1	0
       72	2014-10-15 15:42:14	1	4	8	0
       74	2014-10-15 16:02:04	1	4	1	0
        3	2014-10-15 17:52:34	1	4	1	0
       31	2014-10-15 18:28:31	1	4	1	0
       10	2014-10-15 18:29:56	1	4	1	0
       10	2014-10-15 18:30:03	1	5	1	0
      154	2014-10-15 18:30:07	1	5	1	0
       17	2014-10-15 18:34:30	1	5	1	0
      111	2014-10-15 18:38:02	1	5	1	0
       82	2014-10-15 18:40:36	1	5	1	0
       42	2014-10-15 18:44:50	1	5	1	0
       41	2014-10-15 18:44:55	1	5	2	0
       81	2014-10-15 18:50:03	1	5	1	0
       83	2014-10-15 18:50:10	1	5	1	0
       33	2014-10-15 20:17:56	1	5	1	0
       59	2014-10-15 21:20:59	1	5	1	0
       58	2014-10-15 22:47:39	1	4	1	0
       56	2014-10-15 23:01:01	1	4	1	0
       72	2014-10-15 23:45:52	1	4	8	0
      151	2014-10-16 06:27:51	1	0	1	0
       41	2014-10-16 06:34:55	1	0	2	0
      116	2014-10-16 07:13:22	1	0	1	0
        1	2014-10-16 07:32:26	1	0	2	0
      152	2014-10-16 07:40:33	1	0	1	0
      154	2014-10-16 07:42:16	1	0	1	0
      154	2014-10-16 07:42:17	1	0	1	0
       42	2014-10-16 07:42:41	1	0	1	0
       61	2014-10-16 07:49:36	1	0	1	0
       10	2014-10-16 07:49:50	1	4	1	0
       59	2014-10-16 07:55:11	1	4	1	0
       52	2014-10-16 08:00:54	1	4	1	0
       82	2014-10-16 08:07:03	1	4	1	0
       51	2014-10-16 08:07:42	1	4	1	0
       31	2014-10-16 08:12:03	1	4	1	0
       33	2014-10-16 08:12:24	1	4	1	0
        3	2014-10-16 08:12:37	1	4	1	0
       83	2014-10-16 08:21:04	1	4	1	0
       72	2014-10-16 08:25:43	1	4	8	0
       60	2014-10-16 08:33:49	1	4	1	0
       60	2014-10-16 08:34:11	1	5	1	0
      115	2014-10-16 08:50:32	1	5	1	0
      115	2014-10-16 08:50:41	1	4	1	0
       81	2014-10-16 08:54:30	1	4	1	0
        2	2014-10-16 09:17:32	1	4	1	0
        2	2014-10-16 09:17:40	1	4	1	0
       57	2014-10-16 09:27:53	1	5	2	0
       56	2014-10-16 09:28:36	1	5	1	0
       58	2014-10-16 09:29:06	1	5	1	0
      116	2014-10-16 11:49:17	1	5	1	0
       31	2014-10-16 12:10:30	1	5	1	0
       82	2014-10-16 12:10:59	1	5	1	0
       83	2014-10-16 12:12:43	1	5	1	0
        1	2014-10-16 12:14:34	1	5	2	0
       17	2014-10-16 12:14:41	1	5	1	0
       81	2014-10-16 12:14:49	1	5	1	0
      154	2014-10-16 12:14:58	1	5	1	0
      152	2014-10-16 12:15:18	1	5	1	0
       10	2014-10-16 12:19:22	1	5	1	0
       59	2014-10-16 12:19:34	1	5	1	0
       33	2014-10-16 12:28:25	1	5	1	0
       51	2014-10-16 12:29:53	1	5	1	0
       10	2014-10-16 13:43:13	1	4	1	0
       51	2014-10-16 13:52:50	1	4	1	0
       31	2014-10-16 13:53:11	1	4	1	0
      111	2014-10-16 14:01:26	1	4	1	0
      115	2014-10-16 14:01:56	1	4	1	0
      115	2014-10-16 14:02:03	1	4	1	0
      115	2014-10-16 14:02:09	1	4	1	0
      115	2014-10-16 14:02:20	1	5	1	0
      154	2014-10-16 14:09:00	1	5	1	0
      154	2014-10-16 14:09:01	1	5	1	0
      152	2014-10-16 14:10:17	1	5	1	0
        1	2014-10-16 14:10:23	1	5	2	0
       33	2014-10-16 14:11:34	1	5	1	0
       59	2014-10-16 14:19:05	1	5	1	0
       59	2014-10-16 14:19:06	1	5	1	0
        3	2014-10-16 14:22:36	1	5	1	0
       82	2014-10-16 14:28:45	1	5	1	0
       83	2014-10-16 14:42:10	1	5	1	0
       83	2014-10-16 14:42:17	1	4	1	0
       81	2014-10-16 15:20:56	1	4	1	0
        2	2014-10-16 15:33:37	1	4	1	0
        3	2014-10-16 18:05:42	1	4	1	0
        2	2014-10-16 18:06:27	1	4	1	0
       31	2014-10-16 18:15:14	1	5	1	0
       10	2014-10-16 18:16:04	1	5	1	0
        1	2014-10-16 18:17:50	1	5	2	0
       17	2014-10-16 18:18:00	1	5	1	0
      154	2014-10-16 18:21:32	1	5	1	0
      152	2014-10-16 18:21:35	1	5	1	0
       82	2014-10-16 18:54:30	1	5	1	0
       33	2014-10-16 19:05:45	1	5	1	0
      111	2014-10-16 19:10:12	1	5	1	0
       81	2014-10-16 20:11:40	1	5	1	0
       83	2014-10-16 20:11:46	1	5	1	0
       42	2014-10-16 20:12:21	1	5	1	0
       41	2014-10-16 20:12:26	1	5	2	0
       51	2014-10-16 22:18:02	1	5	1	0
       58	2014-10-16 22:40:25	1	5	1	0
       72	2014-10-16 23:25:04	1	5	8	0
      151	2014-10-17 06:22:25	1	4	1	0
       41	2014-10-17 06:31:48	1	4	2	0
       42	2014-10-17 06:31:55	1	4	1	0
      116	2014-10-17 07:13:28	1	4	1	0
        1	2014-10-17 07:34:40	1	4	2	0
       93	2014-10-17 07:49:32	1	5	1	0
       10	2014-10-17 07:50:55	1	4	1	0
       17	2014-10-17 07:51:43	1	4	1	0
       54	2014-10-17 08:00:41	1	4	1	0
      152	2014-10-17 08:00:45	1	4	1	0
      154	2014-10-17 08:00:57	1	4	1	0
       33	2014-10-17 08:03:03	1	4	1	0
       82	2014-10-17 08:05:13	1	4	1	0
       53	2014-10-17 08:10:43	1	4	2	0
       58	2014-10-17 08:15:22	1	4	1	0
       31	2014-10-17 08:22:29	1	4	1	0
       56	2014-10-17 08:23:30	1	5	1	0
       83	2014-10-17 08:35:02	1	5	1	0
       51	2014-10-17 08:35:15	1	5	1	0
       51	2014-10-17 08:35:16	1	5	1	0
        2	2014-10-17 08:35:54	1	5	1	0
       81	2014-10-17 08:37:34	1	5	1	0
      115	2014-10-17 09:02:01	1	5	1	0
      115	2014-10-17 09:02:03	1	5	1	0
      115	2014-10-17 09:02:11	1	4	1	0
       52	2014-10-17 09:19:42	1	5	1	0
       61	2014-10-17 09:20:16	1	5	1	0
       74	2014-10-17 09:34:04	1	5	1	0
      116	2014-10-17 11:43:02	1	5	1	0
       59	2014-10-17 12:07:34	1	5	1	0
       31	2014-10-17 12:10:01	1	5	1	0
       82	2014-10-17 12:10:55	1	5	1	0
       83	2014-10-17 12:12:41	1	5	1	0
       81	2014-10-17 12:13:03	1	5	1	0
        1	2014-10-17 12:15:10	1	5	2	0
      152	2014-10-17 12:16:27	1	5	1	0
      154	2014-10-17 12:19:35	1	5	1	0
      154	2014-10-17 12:20:35	1	5	2	0
       10	2014-10-17 12:20:43	1	5	1	0
       17	2014-10-17 12:33:34	1	5	1	0
       17	2014-10-17 12:33:57	1	5	1	0
       33	2014-10-17 12:34:43	1	5	1	0
       51	2014-10-17 12:50:05	1	5	1	0
       10	2014-10-17 13:47:42	1	4	1	0
       17	2014-10-17 13:52:21	1	4	1	0
       31	2014-10-17 13:53:14	1	4	1	0
        1	2014-10-17 14:05:06	1	4	2	0
       82	2014-10-17 14:06:23	1	4	1	0
      154	2014-10-17 14:07:34	1	4	8	0
      152	2014-10-17 14:07:38	1	4	1	0
      111	2014-10-17 14:09:00	1	4	1	0
      111	2014-10-17 14:09:04	1	4	1	0
      111	2014-10-17 14:09:14	1	4	1	0
       33	2014-10-17 14:15:46	1	4	1	0
      115	2014-10-17 14:16:22	1	4	1	0
      115	2014-10-17 14:16:35	1	5	1	0
       83	2014-10-17 14:23:27	1	5	1	0
       51	2014-10-17 14:24:42	1	5	1	0
        3	2014-10-17 14:30:18	1	5	1	0
       81	2014-10-17 15:09:31	1	4	1	0
       82	2014-10-17 18:07:06	1	5	1	0
      111	2014-10-17 18:07:18	1	5	1	0
      111	2014-10-17 18:07:20	1	5	1	0
       17	2014-10-17 18:08:17	1	5	1	0
       31	2014-10-17 18:10:20	1	5	1	0
       10	2014-10-17 18:17:18	1	5	1	0
        1	2014-10-17 18:19:04	1	5	2	0
       83	2014-10-17 18:20:47	1	5	1	0
      154	2014-10-17 18:22:38	1	5	2	0
      152	2014-10-17 18:22:46	1	5	1	0
       81	2014-10-17 18:32:57	1	5	1	0
       33	2014-10-17 19:18:32	1	5	1	0
       42	2014-10-17 19:27:25	1	5	1	0
       41	2014-10-17 19:27:37	1	5	2	0
       51	2014-10-17 20:38:30	1	5	1	0
       58	2014-10-17 22:38:45	1	5	1	0
       56	2014-10-17 22:54:02	1	4	1	0
       74	2014-10-17 23:07:29	1	4	1	0
      151	2014-10-18 05:43:37	1	4	1	0
       41	2014-10-18 06:08:48	1	4	2	0
      116	2014-10-18 07:07:54	1	4	1	0
       56	2014-10-18 07:29:15	1	5	1	0
       56	2014-10-18 07:29:24	1	4	1	0
        1	2014-10-18 07:31:43	1	4	2	0
       17	2014-10-18 07:37:30	1	4	1	0
       17	2014-10-18 07:37:33	1	4	1	0
      154	2014-10-18 07:44:25	1	4	8	0
      152	2014-10-18 07:44:28	1	4	1	0
       10	2014-10-18 07:45:22	1	4	1	0
       42	2014-10-18 07:48:28	1	4	1	0
       59	2014-10-18 07:56:04	1	4	1	0
       57	2014-10-18 08:00:41	1	4	2	0
       60	2014-10-18 08:02:22	1	4	1	0
       83	2014-10-18 08:06:56	1	4	1	0
       92	2014-10-18 08:09:50	1	4	1	0
       33	2014-10-18 08:11:08	1	4	1	0
       51	2014-10-18 08:20:27	1	4	1	0
       72	2014-10-18 08:30:03	1	4	8	0
       53	2014-10-18 08:42:46	1	4	2	0
        3	2014-10-18 08:46:13	1	4	1	0
       54	2014-10-18 08:47:19	1	4	1	0
       54	2014-10-18 08:47:22	1	4	1	0
       58	2014-10-18 08:49:32	1	5	1	0
      115	2014-10-18 09:00:20	1	4	1	0
      116	2014-10-18 11:51:23	1	4	1	0
        3	2014-10-18 12:18:07	1	4	1	0
       83	2014-10-18 12:27:39	1	4	1	0
       83	2014-10-18 12:27:47	1	5	1	0
       33	2014-10-18 12:31:38	1	5	1	0
      111	2014-10-18 14:02:59	1	4	1	0
       33	2014-10-18 14:14:47	1	4	1	0
       59	2014-10-18 14:34:58	1	4	1	0
        3	2014-10-18 14:42:10	1	4	1	0
        3	2014-10-18 16:03:17	1	4	1	0
      115	2014-10-18 16:11:40	1	5	1	0
        1	2014-10-18 16:36:31	1	5	2	0
       10	2014-10-18 16:37:59	1	5	1	0
       10	2014-10-18 16:38:01	1	5	1	0
       17	2014-10-18 16:45:12	1	5	1	0
      154	2014-10-18 16:45:20	1	5	2	0
      152	2014-10-18 16:45:25	1	5	1	0
       33	2014-10-18 16:50:50	1	5	1	0
       33	2014-10-18 17:10:32	1	5	1	0
       83	2014-10-18 17:29:23	1	4	1	0
       59	2014-10-18 18:03:09	1	5	1	0
       83	2014-10-18 19:16:49	1	5	1	0
      111	2014-10-18 19:19:43	1	5	1	0
       51	2014-10-18 21:00:29	1	5	1	0
       41	2014-10-18 21:03:39	1	5	2	0
       58	2014-10-18 22:31:02	1	0	1	0
       72	2014-10-18 23:29:16	1	0	8	0
       41	2014-10-19 06:32:07	1	0	2	0
       42	2014-10-19 06:32:12	1	0	1	0
      111	2014-10-19 06:58:10	1	0	1	0
      116	2014-10-19 07:04:36	1	0	1	0
       52	2014-10-19 07:47:39	1	0	1	0
       61	2014-10-19 07:54:34	1	0	1	0
      151	2014-10-19 08:00:42	1	0	1	0
       58	2014-10-19 08:25:33	1	5	1	0
       60	2014-10-19 08:31:26	1	5	1	0
       57	2014-10-19 09:05:22	1	5	2	0
       71	2014-10-19 09:15:50	1	5	1	0
      115	2014-10-19 09:44:27	1	5	1	0
      115	2014-10-19 09:44:36	1	4	1	0
      111	2014-10-19 12:06:59	1	5	1	0
      115	2014-10-19 12:08:06	1	5	1	0
       71	2014-10-19 12:27:37	1	5	1	0
      116	2014-10-19 12:35:59	1	5	1	0
       71	2014-10-19 15:20:46	1	5	1	0
       42	2014-10-19 19:55:01	1	5	1	0
       41	2014-10-19 19:55:08	1	5	2	0
       58	2014-10-19 22:33:12	1	4	1	0
       71	2014-10-19 23:21:32	1	4	1	0
       41	2014-10-20 06:18:12	1	4	2	0
      111	2014-10-20 06:55:53	1	4	1	0
      111	2014-10-20 06:55:55	1	4	1	0
        1	2014-10-20 07:28:40	1	4	2	0
       10	2014-10-20 07:38:54	1	4	1	0
       10	2014-10-20 07:38:56	1	4	1	0
       17	2014-10-20 07:42:57	1	4	1	0
       17	2014-10-20 07:43:03	1	4	1	0
       42	2014-10-20 07:46:10	1	4	1	0
       59	2014-10-20 07:54:43	1	4	1	0
       59	2014-10-20 07:54:44	1	4	1	0
      152	2014-10-20 07:56:23	1	4	1	0
       93	2014-10-20 07:57:28	1	4	1	0
       54	2014-10-20 08:00:30	1	4	1	0
        3	2014-10-20 08:00:37	1	4	1	0
        3	2014-10-20 08:00:45	1	4	1	0
       33	2014-10-20 08:07:19	1	4	1	0
       82	2014-10-20 08:09:05	1	4	1	0
       51	2014-10-20 08:09:24	1	4	1	0
       31	2014-10-20 08:18:14	1	4	1	0
       92	2014-10-20 08:24:08	1	5	1	0
       53	2014-10-20 08:25:07	1	5	2	0
       81	2014-10-20 08:39:16	1	4	1	0
       58	2014-10-20 08:44:16	1	5	1	0
       52	2014-10-20 08:59:37	1	5	1	0
       61	2014-10-20 08:59:43	1	5	1	0
      115	2014-10-20 09:04:34	1	4	1	0
       74	2014-10-20 09:11:58	1	4	1	0
      111	2014-10-20 11:09:37	1	4	1	0
       82	2014-10-20 12:10:46	1	5	1	0
       59	2014-10-20 12:12:00	1	5	1	0
       31	2014-10-20 12:12:36	1	5	1	0
        1	2014-10-20 12:14:03	1	5	2	0
      152	2014-10-20 12:14:34	1	5	1	0
       17	2014-10-20 12:17:48	1	5	1	0
       10	2014-10-20 12:19:26	1	5	1	0
       33	2014-10-20 12:25:22	1	5	1	0
       81	2014-10-20 12:27:22	1	5	1	0
       51	2014-10-20 12:48:43	1	5	1	0
      151	2014-10-20 13:14:55	1	4	1	0
       10	2014-10-20 13:24:45	1	4	1	0
      115	2014-10-20 13:31:16	1	5	1	0
       31	2014-10-20 13:52:29	1	4	1	0
       17	2014-10-20 14:03:49	1	4	1	0
        1	2014-10-20 14:03:58	1	4	2	0
      152	2014-10-20 14:04:03	1	4	1	0
       10	2014-10-20 14:04:11	1	4	1	0
       59	2014-10-20 14:06:40	1	4	1	0
       33	2014-10-20 14:10:08	1	4	1	0
        3	2014-10-20 14:12:38	1	4	1	0
        3	2014-10-20 14:12:44	1	4	1	0
        3	2014-10-20 14:12:51	1	4	1	0
        3	2014-10-20 14:12:54	1	4	1	0
       51	2014-10-20 14:18:53	1	4	1	0
       82	2014-10-20 14:23:01	1	4	1	0
      116	2014-10-20 15:05:06	1	4	1	0
       81	2014-10-20 15:22:39	1	4	1	0
        3	2014-10-20 17:47:14	1	5	1	0
      116	2014-10-20 18:10:07	1	5	1	0
       10	2014-10-20 18:12:02	1	5	1	0
      152	2014-10-20 18:14:07	1	5	1	0
       59	2014-10-20 18:15:02	1	5	1	0
        1	2014-10-20 18:17:03	1	5	2	0
       31	2014-10-20 18:23:17	1	5	1	0
       17	2014-10-20 18:23:24	1	5	1	0
       82	2014-10-20 18:39:45	1	5	1	0
       33	2014-10-20 18:47:02	1	5	1	0
       81	2014-10-20 18:52:44	1	5	1	0
       51	2014-10-20 19:01:40	1	5	1	0
       41	2014-10-20 19:14:25	1	5	2	0
       42	2014-10-20 19:14:30	1	5	1	0
       56	2014-10-20 22:47:29	1	4	1	0
       74	2014-10-20 23:05:16	1	4	1	0
      151	2014-10-21 05:44:29	1	4	1	0
       41	2014-10-21 05:47:49	1	4	2	0
      111	2014-10-21 06:55:29	1	4	1	0
        1	2014-10-21 07:34:14	1	4	2	0
       42	2014-10-21 07:36:46	1	4	1	0
       17	2014-10-21 07:42:23	1	4	1	0
       10	2014-10-21 07:48:59	1	4	1	0
      154	2014-10-21 07:49:19	1	4	8	0
      152	2014-10-21 07:49:30	1	4	1	0
        2	2014-10-21 07:52:41	1	4	1	0
       51	2014-10-21 08:01:45	1	4	1	0
       60	2014-10-21 08:03:09	1	4	1	0
       57	2014-10-21 08:05:33	1	4	2	0
       82	2014-10-21 08:10:57	1	4	1	0
        3	2014-10-21 08:11:28	1	4	1	0
        3	2014-10-21 08:11:34	1	4	1	0
       33	2014-10-21 08:14:08	1	4	1	0
       59	2014-10-21 08:21:05	1	4	1	0
       93	2014-10-21 08:22:52	1	4	1	0
       54	2014-10-21 08:24:02	1	5	1	0
       31	2014-10-21 08:24:36	1	4	1	0
       56	2014-10-21 08:39:01	1	4	1	0
       81	2014-10-21 08:41:13	1	4	1	0
      115	2014-10-21 09:09:03	1	4	1	0
      115	2014-10-21 09:09:04	1	4	1	0
      111	2014-10-21 11:05:09	1	4	1	0
        3	2014-10-21 11:47:04	1	4	1	0
       59	2014-10-21 11:59:31	1	4	1	0
       59	2014-10-21 12:00:03	1	5	1	0
       31	2014-10-21 12:09:16	1	5	1	0
       82	2014-10-21 12:11:24	1	5	1	0
       33	2014-10-21 12:21:42	1	5	1	0
       81	2014-10-21 12:47:42	1	5	1	0
        1	2014-10-21 13:04:03	1	5	2	0
       10	2014-10-21 13:04:27	1	4	1	0
      154	2014-10-21 13:04:35	1	4	8	0
      152	2014-10-21 13:04:41	1	4	1	0
       17	2014-10-21 13:04:55	1	4	1	0
       31	2014-10-21 13:47:00	1	4	1	0
       33	2014-10-21 14:10:51	1	4	1	0
       59	2014-10-21 14:12:08	1	4	1	0
        3	2014-10-21 14:20:16	1	4	1	0
       82	2014-10-21 14:30:25	1	4	1	0
      115	2014-10-21 14:33:30	1	5	1	0
      116	2014-10-21 14:57:21	1	4	1	0
      116	2014-10-21 14:57:22	1	4	1	0
       81	2014-10-21 15:16:37	1	4	1	0
       72	2014-10-21 15:44:40	1	4	8	0
        3	2014-10-21 17:56:26	1	4	1	0
      116	2014-10-21 18:11:31	1	5	1	0
       59	2014-10-21 18:24:31	1	5	1	0
        1	2014-10-21 18:28:47	1	5	2	0
      154	2014-10-21 18:31:10	1	5	8	0
       10	2014-10-21 18:31:15	1	5	1	0
       10	2014-10-21 18:31:16	1	5	1	0
      152	2014-10-21 18:31:28	1	5	1	0
       17	2014-10-21 18:32:46	1	5	1	0
       17	2014-10-21 18:32:49	1	5	1	0
       82	2014-10-21 18:42:00	1	5	1	0
       81	2014-10-21 18:45:13	1	5	1	0
       42	2014-10-21 19:17:12	1	5	1	0
       41	2014-10-21 19:17:18	1	5	2	0
       31	2014-10-21 19:33:10	1	5	1	0
       51	2014-10-21 19:39:56	1	5	1	0
       33	2014-10-21 19:56:45	1	5	1	0
       56	2014-10-21 22:35:54	1	4	1	0
      151	2014-10-22 05:52:53	1	4	1	0
       41	2014-10-22 06:47:17	1	4	2	0
      111	2014-10-22 06:59:29	1	4	1	0
       42	2014-10-22 07:19:35	1	4	1	0
        1	2014-10-22 07:29:19	1	4	2	0
       17	2014-10-22 07:44:48	1	4	1	0
       10	2014-10-22 07:46:18	1	4	1	0
      152	2014-10-22 07:51:08	1	4	1	0
      154	2014-10-22 07:51:17	1	4	8	0
       52	2014-10-22 08:00:24	1	4	1	0
       61	2014-10-22 08:01:23	1	4	1	0
        3	2014-10-22 08:02:30	1	4	1	0
        3	2014-10-22 08:02:34	1	4	1	0
       59	2014-10-22 08:02:52	1	4	1	0
       82	2014-10-22 08:09:21	1	4	1	0
       51	2014-10-22 08:09:31	1	4	1	0
       72	2014-10-22 08:10:19	1	4	8	0
       33	2014-10-22 08:13:06	1	4	1	0
       92	2014-10-22 08:16:48	1	4	1	0
       31	2014-10-22 08:23:22	1	4	1	0
        2	2014-10-22 08:25:19	1	4	1	0
       60	2014-10-22 08:29:41	1	5	1	0
       56	2014-10-22 08:39:33	1	5	1	0
       81	2014-10-22 08:43:01	1	5	1	0
       81	2014-10-22 08:43:10	1	5	1	0
      115	2014-10-22 09:18:54	1	4	1	0
      111	2014-10-22 11:05:26	1	4	1	0
        1	2014-10-22 12:14:41	1	5	2	0
      154	2014-10-22 12:14:54	1	5	2	0
       82	2014-10-22 12:15:00	1	5	1	0
       31	2014-10-22 12:15:09	1	5	1	0
      152	2014-10-22 12:15:37	1	5	1	0
       17	2014-10-22 12:16:57	1	5	1	0
       59	2014-10-22 12:18:33	1	5	1	0
       81	2014-10-22 12:18:40	1	5	1	0
       33	2014-10-22 12:18:48	1	5	1	0
       33	2014-10-22 12:18:49	1	5	1	0
       10	2014-10-22 12:18:59	1	5	1	0
       51	2014-10-22 12:52:14	1	5	1	0
       31	2014-10-22 13:52:30	1	4	1	0
       51	2014-10-22 14:02:50	1	4	1	0
        1	2014-10-22 14:05:49	1	4	2	0
       10	2014-10-22 14:09:09	1	4	1	0
      152	2014-10-22 14:09:11	1	4	1	0
      154	2014-10-22 14:09:17	1	4	2	0
       17	2014-10-22 14:10:10	1	4	1	0
       59	2014-10-22 14:11:19	1	4	1	0
       81	2014-10-22 14:15:06	1	4	1	0
       33	2014-10-22 14:16:21	1	4	1	0
       82	2014-10-22 14:28:55	1	4	1	0
      115	2014-10-22 14:35:39	1	4	1	0
      116	2014-10-22 14:41:08	1	4	1	0
        3	2014-10-22 15:10:14	1	4	1	0
        3	2014-10-22 17:48:33	1	4	1	0
        3	2014-10-22 17:48:38	1	4	1	0
        3	2014-10-22 17:48:42	1	4	1	0
      116	2014-10-22 18:06:17	1	5	1	0
      116	2014-10-22 18:06:19	1	5	1	0
       10	2014-10-22 18:17:35	1	5	1	0
        1	2014-10-22 18:18:49	1	5	2	0
      154	2014-10-22 18:19:10	1	5	8	0
      152	2014-10-22 18:20:01	1	5	1	0
       17	2014-10-22 18:21:46	1	5	1	0
       31	2014-10-22 18:23:54	1	5	1	0
       82	2014-10-22 18:39:10	1	5	1	0
       33	2014-10-22 18:40:25	1	5	1	0
       81	2014-10-22 18:42:49	1	5	1	0
       41	2014-10-22 19:20:27	1	5	2	0
       42	2014-10-22 19:20:33	1	5	1	0
       51	2014-10-22 19:30:22	1	5	1	0
       41	2014-10-22 20:04:44	1	5	2	0
       56	2014-10-22 22:46:54	1	4	1	0
       72	2014-10-22 23:23:43	1	4	8	0
      151	2014-10-23 06:30:46	1	4	1	0
       41	2014-10-23 06:41:09	1	4	2	0
      111	2014-10-23 06:51:42	1	4	1	0
      111	2014-10-23 06:51:43	1	4	1	0
       42	2014-10-23 07:19:58	1	4	1	0
        1	2014-10-23 07:25:26	1	4	2	0
      154	2014-10-23 07:44:39	1	4	8	0
      152	2014-10-23 07:44:44	1	4	1	0
       10	2014-10-23 07:44:49	1	4	1	0
       54	2014-10-23 07:47:40	1	4	1	0
       59	2014-10-23 07:49:05	1	4	1	0
       17	2014-10-23 07:54:12	1	4	1	0
       17	2014-10-23 07:54:17	1	4	1	0
       17	2014-10-23 07:54:18	1	4	1	0
       93	2014-10-23 08:01:14	1	4	1	0
       82	2014-10-23 08:07:15	1	4	1	0
       33	2014-10-23 08:08:34	1	4	1	0
       53	2014-10-23 08:10:54	1	4	2	0
       51	2014-10-23 08:13:59	1	4	1	0
        3	2014-10-23 08:15:59	1	4	1	0
       31	2014-10-23 08:23:41	1	4	1	0
       81	2014-10-23 08:37:43	1	4	1	0
       92	2014-10-23 08:45:07	1	5	1	0
       52	2014-10-23 08:45:17	1	5	1	0
       74	2014-10-23 08:49:25	1	5	1	0
      115	2014-10-23 09:11:02	1	4	1	0
       56	2014-10-23 09:22:03	1	5	1	0
      111	2014-10-23 10:56:27	1	5	1	0
       82	2014-10-23 12:03:28	1	5	1	0
       31	2014-10-23 12:10:42	1	5	1	0
       81	2014-10-23 12:12:52	1	5	1	0
        1	2014-10-23 12:17:06	1	5	2	0
      154	2014-10-23 12:19:00	1	5	2	0
       51	2014-10-23 12:19:05	1	5	1	0
      152	2014-10-23 12:20:38	1	5	1	0
       10	2014-10-23 12:23:44	1	5	1	0
       17	2014-10-23 12:25:45	1	5	1	0
       33	2014-10-23 12:29:07	1	5	1	0
       10	2014-10-23 13:24:07	1	4	1	0
       31	2014-10-23 13:44:28	1	4	1	0
        1	2014-10-23 14:03:08	1	4	2	0
       17	2014-10-23 14:03:57	1	4	1	0
      154	2014-10-23 14:04:36	1	4	2	0
      152	2014-10-23 14:05:51	1	4	1	0
       33	2014-10-23 14:06:35	1	4	1	0
       81	2014-10-23 14:08:22	1	4	1	0
        3	2014-10-23 14:20:22	1	4	1	0
        3	2014-10-23 14:20:25	1	4	1	0
       51	2014-10-23 14:25:35	1	4	1	0
      116	2014-10-23 14:50:10	1	4	1	0
      115	2014-10-23 14:58:07	1	4	1	0
      115	2014-10-23 14:59:08	1	5	1	0
       82	2014-10-23 15:36:18	1	5	1	0
       17	2014-10-23 18:08:46	1	5	1	0
        1	2014-10-23 18:12:29	1	5	2	0
      154	2014-10-23 18:16:09	1	5	2	0
      116	2014-10-23 18:37:11	1	5	1	0
       42	2014-10-23 19:07:09	1	5	1	0
       41	2014-10-23 19:07:14	1	5	2	0
       81	2014-10-23 20:36:15	1	5	1	0
       82	2014-10-23 20:36:23	1	5	1	0
       31	2014-10-23 20:36:34	1	5	1	0
       59	2014-10-23 20:38:12	1	5	1	0
       51	2014-10-23 20:51:54	1	5	1	0
       33	2014-10-23 21:29:06	1	5	1	0
       58	2014-10-23 22:07:35	1	4	1	0
       74	2014-10-23 23:17:58	1	4	1	0
      151	2014-10-24 06:16:49	1	4	1	0
      111	2014-10-24 07:00:18	1	4	1	0
      111	2014-10-24 07:00:19	1	4	1	0
       17	2014-10-24 07:24:53	1	4	1	0
        1	2014-10-24 07:32:09	1	4	2	0
       42	2014-10-24 07:38:09	1	4	1	0
       10	2014-10-24 07:42:15	1	4	1	0
      154	2014-10-24 07:52:36	1	4	8	0
      152	2014-10-24 07:52:41	1	4	1	0
       57	2014-10-24 08:00:12	1	4	2	0
        2	2014-10-24 08:01:04	1	4	1	0
       60	2014-10-24 08:03:29	1	4	1	0
       59	2014-10-24 08:04:01	1	4	1	0
       51	2014-10-24 08:04:10	1	4	1	0
       33	2014-10-24 08:04:34	1	4	1	0
       82	2014-10-24 08:09:30	1	4	1	0
        3	2014-10-24 08:11:11	1	4	1	0
       31	2014-10-24 08:12:46	1	4	1	0
       81	2014-10-24 08:30:57	1	4	1	0
       74	2014-10-24 08:35:00	1	4	1	0
       54	2014-10-24 08:35:28	1	5	1	0
       93	2014-10-24 08:37:18	1	5	1	0
       53	2014-10-24 08:37:58	1	5	2	0
       58	2014-10-24 08:42:14	1	5	1	0
      115	2014-10-24 08:54:29	1	4	1	0
      111	2014-10-24 10:56:21	1	4	1	0
        3	2014-10-24 11:44:40	1	4	1	0
       31	2014-10-24 12:03:12	1	4	1	0
       82	2014-10-24 12:10:27	1	4	1	0
       17	2014-10-24 12:11:25	1	4	1	0
       17	2014-10-24 12:11:27	1	4	1	0
       10	2014-10-24 12:12:52	1	5	1	0
       59	2014-10-24 12:15:07	1	5	1	0
        1	2014-10-24 12:15:42	1	5	2	0
       51	2014-10-24 12:19:34	1	5	1	0
       33	2014-10-24 12:20:51	1	5	1	0
      154	2014-10-24 12:22:34	1	5	2	0
      152	2014-10-24 12:22:54	1	5	1	0
       81	2014-10-24 12:46:26	1	5	1	0
       10	2014-10-24 13:23:07	1	4	1	0
       31	2014-10-24 13:49:19	1	4	1	0
       17	2014-10-24 14:04:17	1	4	1	0
        1	2014-10-24 14:04:29	1	4	2	0
      154	2014-10-24 14:04:48	1	4	2	0
       33	2014-10-24 14:10:26	1	4	1	0
       51	2014-10-24 14:12:02	1	4	1	0
      115	2014-10-24 14:12:40	1	5	1	0
       59	2014-10-24 14:13:25	1	4	1	0
        3	2014-10-24 14:30:16	1	4	1	0
        3	2014-10-24 14:30:18	1	4	1	0
        3	2014-10-24 14:30:24	1	4	1	0
       82	2014-10-24 14:33:39	1	4	1	0
      116	2014-10-24 14:50:10	1	4	1	0
       81	2014-10-24 15:23:53	1	4	1	0
       72	2014-10-24 15:38:26	1	4	8	0
       74	2014-10-24 15:45:37	1	4	1	0
        3	2014-10-24 17:55:42	1	4	1	0
      116	2014-10-24 18:04:20	1	5	1	0
      154	2014-10-24 18:14:36	1	5	2	0
        1	2014-10-24 18:16:21	1	5	2	0
       17	2014-10-24 18:18:24	1	5	1	0
       59	2014-10-24 18:22:07	1	5	1	0
       33	2014-10-24 18:23:39	1	5	1	0
       82	2014-10-24 18:50:52	1	5	1	0
       81	2014-10-24 18:58:59	1	5	1	0
       42	2014-10-24 19:13:39	1	5	1	0
       41	2014-10-24 19:13:45	1	5	2	0
       51	2014-10-24 20:04:24	1	5	1	0
       56	2014-10-24 22:56:57	1	4	1	0
       72	2014-10-24 23:18:34	1	4	8	0
       31	2014-10-24 23:32:32	1	5	1	0
      151	2014-10-25 06:28:41	1	0	1	0
      111	2014-10-25 06:58:47	1	0	1	0
       42	2014-10-25 07:22:29	1	0	1	0
       41	2014-10-25 07:22:35	1	0	2	0
        1	2014-10-25 07:30:42	1	0	2	0
       17	2014-10-25 07:43:55	1	0	1	0
       59	2014-10-25 07:55:58	1	0	1	0
      154	2014-10-25 07:56:33	1	0	8	0
       52	2014-10-25 07:57:02	1	4	1	0
       61	2014-10-25 08:00:26	1	4	1	0
       51	2014-10-25 08:02:27	1	4	1	0
       33	2014-10-25 08:06:29	1	4	1	0
       92	2014-10-25 08:08:25	1	4	1	0
       82	2014-10-25 08:11:57	1	4	1	0
       60	2014-10-25 08:28:45	1	4	1	0
       60	2014-10-25 08:28:51	1	5	1	0
       72	2014-10-25 08:30:51	1	5	8	0
       31	2014-10-25 08:31:37	1	4	1	0
        3	2014-10-25 08:31:51	1	4	1	0
       56	2014-10-25 08:52:44	1	4	1	0
       57	2014-10-25 08:52:52	1	4	2	0
      115	2014-10-25 09:09:44	1	4	1	0
      111	2014-10-25 11:07:11	1	4	1	0
        3	2014-10-25 12:00:38	1	4	1	0
      115	2014-10-25 12:03:27	1	5	1	0
       31	2014-10-25 12:07:49	1	5	1	0
       82	2014-10-25 12:18:33	1	5	1	0
       33	2014-10-25 12:24:16	1	5	1	0
       31	2014-10-25 14:08:56	1	4	1	0
        3	2014-10-25 14:09:48	1	4	1	0
       33	2014-10-25 14:12:28	1	4	1	0
      116	2014-10-25 15:06:00	1	4	1	0
       51	2014-10-25 16:15:27	1	5	1	0
       31	2014-10-25 16:47:47	1	5	1	0
        3	2014-10-25 16:49:52	1	5	1	0
       31	2014-10-25 16:53:53	1	5	1	0
       59	2014-10-25 17:06:41	1	5	1	0
        1	2014-10-25 17:24:26	1	5	2	0
      154	2014-10-25 17:24:53	1	5	8	0
       33	2014-10-25 18:11:29	1	5	1	0
       17	2014-10-25 18:23:51	1	5	1	0
      116	2014-10-25 18:24:36	1	5	1	0
       41	2014-10-25 21:06:40	1	5	2	0
       42	2014-10-25 21:06:47	1	5	1	0
       58	2014-10-25 22:22:26	1	4	1	0
       72	2014-10-25 23:39:15	1	4	8	0
      151	2014-10-26 12:07:35	1	0	1	0
       58	2014-10-26 14:45:45	1	0	1	0
       56	2014-10-26 15:33:45	1	5	1	0
       81	2014-10-26 19:53:42	1	0	1	0
       81	2014-10-26 20:53:37	1	5	1	0
      151	2014-10-27 05:57:24	1	0	1	0
       41	2014-10-27 06:38:26	1	0	2	0
      116	2014-10-27 07:06:17	1	0	1	0
       42	2014-10-27 07:22:00	1	0	1	0
        2	2014-10-27 07:57:01	1	0	1	0
       59	2014-10-27 07:57:55	1	0	1	0
       60	2014-10-27 08:00:47	1	0	1	0
       33	2014-10-27 08:05:27	1	0	1	0
       57	2014-10-27 08:07:39	1	0	2	0
       82	2014-10-27 08:09:04	1	0	1	0
        3	2014-10-27 08:09:24	1	4	1	0
        3	2014-10-27 08:09:29	1	4	1	0
      115	2014-10-27 08:16:06	1	4	1	0
       51	2014-10-27 08:16:12	1	4	1	0
       10	2014-10-27 08:21:06	1	4	1	0
       31	2014-10-27 08:25:03	1	4	1	0
       81	2014-10-27 08:29:29	1	4	1	0
       54	2014-10-27 08:37:42	1	4	1	0
       93	2014-10-27 08:41:52	1	4	1	0
       53	2014-10-27 08:44:00	1	5	2	0
       74	2014-10-27 08:57:38	1	5	1	0
       56	2014-10-27 10:13:00	1	5	1	0
      116	2014-10-27 11:02:38	1	5	1	0
        3	2014-10-27 12:01:04	1	5	1	0
       59	2014-10-27 12:05:32	1	5	1	0
       31	2014-10-27 12:06:56	1	5	1	0
      115	2014-10-27 12:12:51	1	5	1	0
       82	2014-10-27 12:13:47	1	5	1	0
       51	2014-10-27 12:21:15	1	5	1	0
       33	2014-10-27 12:21:56	1	5	1	0
       81	2014-10-27 12:45:29	1	5	1	0
       17	2014-10-27 13:49:30	1	5	1	0
       59	2014-10-27 14:04:32	1	4	1	0
       33	2014-10-27 14:10:13	1	4	1	0
        3	2014-10-27 14:12:47	1	4	1	0
       31	2014-10-27 14:16:42	1	4	1	0
      111	2014-10-27 14:18:46	1	4	1	0
       82	2014-10-27 14:26:30	1	4	1	0
       51	2014-10-27 14:36:51	1	4	1	0
       81	2014-10-27 15:19:29	1	4	1	0
       72	2014-10-27 15:43:06	1	4	8	0
       74	2014-10-27 15:49:47	1	4	1	0
        4	2014-10-27 18:00:28	1	5	1	0
        3	2014-10-27 18:02:22	1	5	1	0
       31	2014-10-27 18:14:56	1	5	1	0
      111	2014-10-27 18:26:34	1	5	1	0
       33	2014-10-27 18:30:20	1	5	1	0
       59	2014-10-27 18:37:12	1	5	1	0
       17	2014-10-27 18:38:45	1	5	1	0
       10	2014-10-27 18:38:53	1	5	1	0
       82	2014-10-27 18:46:52	1	5	1	0
       81	2014-10-27 18:47:25	1	5	1	0
       42	2014-10-27 18:49:49	1	5	1	0
       41	2014-10-27 18:49:54	1	5	2	0
       58	2014-10-27 22:42:45	1	4	1	0
       72	2014-10-27 23:12:28	1	4	8	0
       41	2014-10-28 06:32:40	1	4	2	0
      151	2014-10-28 06:43:42	1	4	1	0
      116	2014-10-28 07:07:30	1	4	1	0
       42	2014-10-28 07:17:37	1	4	1	0
       17	2014-10-28 07:33:48	1	4	1	0
       17	2014-10-28 07:33:51	1	4	1	0
       17	2014-10-28 07:33:54	1	4	1	0
        3	2014-10-28 07:57:07	1	4	1	0
       59	2014-10-28 07:58:52	1	4	1	0
       52	2014-10-28 07:58:57	1	4	1	0
        4	2014-10-28 08:00:24	1	4	1	0
       82	2014-10-28 08:06:33	1	4	1	0
       92	2014-10-28 08:07:06	1	4	1	0
       61	2014-10-28 08:09:13	1	4	1	0
       33	2014-10-28 08:09:24	1	4	1	0
       10	2014-10-28 08:11:12	1	4	1	0
      115	2014-10-28 08:20:12	1	4	1	0
      115	2014-10-28 08:20:13	1	4	1	0
       31	2014-10-28 08:23:35	1	4	1	0
       72	2014-10-28 08:24:35	1	4	8	0
       51	2014-10-28 08:25:31	1	4	1	0
       60	2014-10-28 08:34:11	1	5	1	0
       81	2014-10-28 08:35:46	1	5	1	0
       58	2014-10-28 09:08:03	1	5	1	0
       57	2014-10-28 09:08:13	1	5	2	0
        2	2014-10-28 09:12:32	1	5	1	0
      116	2014-10-28 11:17:43	1	5	1	0
        3	2014-10-28 11:47:17	1	5	1	0
       31	2014-10-28 12:06:51	1	5	1	0
        4	2014-10-28 12:08:13	1	5	1	0
       82	2014-10-28 12:09:28	1	5	1	0
       59	2014-10-28 12:14:31	1	5	1	0
       33	2014-10-28 12:15:59	1	5	1	0
       51	2014-10-28 12:25:54	1	5	1	0
       51	2014-10-28 12:25:55	1	5	1	0
      115	2014-10-28 12:26:19	1	5	1	0
      115	2014-10-28 12:26:22	1	5	1	0
       10	2014-10-28 12:29:49	1	5	1	0
       17	2014-10-28 12:31:03	1	5	1	0
       17	2014-10-28 12:31:04	1	5	1	0
       81	2014-10-28 12:47:53	1	5	1	0
       81	2014-10-28 12:47:55	1	5	1	0
       81	2014-10-28 13:13:19	1	4	1	0
       17	2014-10-28 13:44:53	1	4	1	0
       17	2014-10-28 13:44:57	1	4	1	0
        1	2014-10-28 13:45:26	1	4	2	0
       33	2014-10-28 14:03:40	1	4	1	0
        4	2014-10-28 14:04:42	1	4	1	0
      111	2014-10-28 14:08:10	1	4	1	0
       59	2014-10-28 14:08:20	1	4	1	0
       31	2014-10-28 14:11:46	1	4	1	0
       51	2014-10-28 14:13:51	1	4	1	0
       82	2014-10-28 14:29:17	1	4	1	0
        3	2014-10-28 14:40:59	1	4	1	0
        3	2014-10-28 14:41:02	1	4	1	0
        3	2014-10-28 17:59:29	1	4	1	0
      111	2014-10-28 18:07:31	1	5	1	0
      111	2014-10-28 18:07:33	1	5	1	0
        4	2014-10-28 18:11:14	1	5	1	0
        1	2014-10-28 18:18:21	1	5	2	0
       31	2014-10-28 18:25:02	1	5	1	0
       82	2014-10-28 18:37:37	1	5	1	0
       51	2014-10-28 18:45:58	1	5	1	0
       33	2014-10-28 18:47:00	1	5	1	0
       59	2014-10-28 18:58:12	1	5	1	0
       81	2014-10-28 19:00:54	1	5	1	0
       10	2014-10-28 19:07:09	1	5	1	0
       42	2014-10-28 19:07:36	1	5	1	0
       41	2014-10-28 19:07:42	1	5	2	0
       17	2014-10-28 19:07:50	1	5	1	0
       17	2014-10-28 19:07:51	1	5	1	0
       56	2014-10-28 22:49:19	1	4	1	0
       72	2014-10-28 23:21:43	1	4	8	0
      151	2014-10-29 05:31:19	1	4	1	0
       41	2014-10-29 06:03:45	1	4	2	0
       42	2014-10-29 07:06:56	1	4	1	0
      116	2014-10-29 07:19:49	1	4	1	0
       17	2014-10-29 07:45:14	1	4	1	0
       54	2014-10-29 07:52:11	1	4	1	0
       93	2014-10-29 07:52:58	1	4	1	0
        3	2014-10-29 07:58:12	1	4	1	0
       51	2014-10-29 08:02:51	1	4	1	0
       59	2014-10-29 08:03:10	1	4	1	0
       82	2014-10-29 08:07:37	1	4	1	0
       33	2014-10-29 08:07:44	1	4	1	0
        4	2014-10-29 08:11:21	1	4	1	0
       53	2014-10-29 08:13:03	1	4	2	0
       31	2014-10-29 08:16:20	1	4	1	0
      115	2014-10-29 08:23:21	1	4	1	0
       81	2014-10-29 08:34:51	1	4	1	0
       52	2014-10-29 08:35:42	1	5	1	0
       61	2014-10-29 08:36:21	1	5	1	0
       74	2014-10-29 09:14:05	1	5	1	0
       56	2014-10-29 09:47:38	1	5	1	0
      116	2014-10-29 11:07:14	1	5	1	0
        3	2014-10-29 11:51:56	1	5	1	0
        4	2014-10-29 12:04:26	1	5	1	0
       82	2014-10-29 12:11:30	1	5	1	0
       31	2014-10-29 12:15:28	1	5	1	0
       59	2014-10-29 12:22:44	1	5	1	0
      115	2014-10-29 12:23:33	1	5	1	0
       33	2014-10-29 12:28:36	1	5	1	0
       81	2014-10-29 12:36:38	1	5	1	0
       51	2014-10-29 13:07:34	1	5	1	0
       51	2014-10-29 13:43:58	1	5	1	0
       59	2014-10-29 13:45:15	1	5	1	0
       59	2014-10-29 13:45:27	1	4	1	0
       51	2014-10-29 13:45:33	1	4	1	0
       31	2014-10-29 13:50:27	1	4	1	0
       17	2014-10-29 13:53:15	1	4	1	0
        4	2014-10-29 14:07:19	1	4	1	0
      111	2014-10-29 14:08:27	1	4	1	0
       33	2014-10-29 14:12:29	1	4	1	0
        3	2014-10-29 14:16:42	1	4	1	0
       82	2014-10-29 14:29:03	1	4	1	0
       81	2014-10-29 15:12:24	1	4	1	0
        3	2014-10-29 17:47:38	1	4	1	0
        3	2014-10-29 17:47:41	1	4	1	0
        4	2014-10-29 18:04:42	1	5	1	0
       31	2014-10-29 18:17:34	1	5	1	0
      111	2014-10-29 18:25:55	1	5	1	0
       59	2014-10-29 18:41:06	1	5	1	0
       51	2014-10-29 18:41:45	1	5	1	0
       82	2014-10-29 18:52:01	1	5	1	0
       81	2014-10-29 19:00:04	1	5	1	0
       41	2014-10-29 19:47:15	1	5	2	0
       42	2014-10-29 19:49:25	1	5	1	0
       92	2014-10-29 20:27:54	1	5	1	0
       58	2014-10-29 22:38:17	1	4	1	0
       74	2014-10-29 23:11:37	1	4	1	0
      151	2014-10-30 06:39:06	1	4	1	0
       41	2014-10-30 06:56:28	1	4	2	0
      116	2014-10-30 07:21:34	1	4	1	0
      116	2014-10-30 07:21:35	1	4	1	0
       17	2014-10-30 07:40:49	1	4	1	0
        2	2014-10-30 07:55:31	1	4	1	0
       59	2014-10-30 08:01:24	1	4	1	0
        4	2014-10-30 08:02:36	1	4	1	0
       60	2014-10-30 08:03:06	1	4	1	0
       42	2014-10-30 08:03:45	1	4	1	0
       82	2014-10-30 08:05:10	1	4	1	0
        3	2014-10-30 08:09:18	1	4	1	0
       33	2014-10-30 08:09:56	1	4	1	0
       57	2014-10-30 08:13:20	1	4	2	0
       31	2014-10-30 08:17:50	1	4	1	0
       51	2014-10-30 08:18:42	1	4	1	0
      115	2014-10-30 08:21:35	1	4	1	0
      115	2014-10-30 08:21:37	1	4	1	0
       81	2014-10-30 08:38:09	1	4	1	0
       93	2014-10-30 08:52:50	1	4	1	0
       54	2014-10-30 08:55:10	1	5	1	0
       74	2014-10-30 08:57:15	1	5	1	0
       58	2014-10-30 08:58:43	1	5	1	0
       53	2014-10-30 08:59:21	1	5	2	0
      116	2014-10-30 11:54:29	1	5	1	0
       82	2014-10-30 12:12:10	1	5	1	0
        4	2014-10-30 12:19:35	1	5	1	0
       81	2014-10-30 12:44:42	1	5	1	0
      115	2014-10-30 13:17:43	1	5	1	0
      115	2014-10-30 13:17:44	1	5	1	0
        4	2014-10-30 14:03:00	1	5	1	0
      111	2014-10-30 14:08:10	1	5	1	0
      111	2014-10-30 14:08:11	1	5	1	0
       33	2014-10-30 14:09:09	1	5	1	0
       33	2014-10-30 14:09:15	1	5	1	0
       31	2014-10-30 14:11:20	1	4	1	0
       59	2014-10-30 14:12:19	1	4	1	0
       82	2014-10-30 14:55:43	1	4	1	0
       81	2014-10-30 15:33:44	1	4	1	0
       72	2014-10-30 15:53:46	1	4	8	0
       74	2014-10-30 15:58:12	1	4	1	0
        3	2014-10-30 17:58:28	1	4	1	0
      111	2014-10-30 18:18:02	1	4	1	0
        4	2014-10-30 18:18:36	1	5	1	0
       31	2014-10-30 18:23:00	1	5	1	0
       33	2014-10-30 18:36:20	1	5	1	0
       59	2014-10-30 18:36:27	1	5	1	0
       17	2014-10-30 18:38:26	1	5	1	0
       41	2014-10-30 18:59:06	1	5	2	0
       42	2014-10-30 18:59:19	1	5	1	0
       82	2014-10-30 19:00:42	1	5	1	0
       81	2014-10-30 19:21:55	1	5	1	0
       56	2014-10-30 22:56:47	1	4	1	0
       72	2014-10-30 23:23:01	1	4	8	0
      151	2014-10-31 05:51:57	1	4	1	0
       41	2014-10-31 05:59:14	1	4	2	0
       17	2014-10-31 07:19:42	1	4	1	0
       17	2014-10-31 07:19:44	1	4	1	0
       17	2014-10-31 07:19:47	1	4	1	0
       17	2014-10-31 07:19:49	1	4	1	0
      116	2014-10-31 07:20:22	1	4	1	0
       42	2014-10-31 07:30:43	1	4	1	0
       52	2014-10-31 08:01:05	1	4	1	0
       61	2014-10-31 08:02:05	1	4	1	0
        4	2014-10-31 08:04:10	1	4	1	0
       82	2014-10-31 08:06:28	1	4	1	0
       33	2014-10-31 08:09:05	1	4	1	0
       92	2014-10-31 08:10:28	1	4	1	0
        3	2014-10-31 08:11:27	1	4	1	0
       59	2014-10-31 08:11:38	1	4	1	0
       31	2014-10-31 08:17:54	1	4	1	0
       51	2014-10-31 08:18:41	1	4	1	0
      115	2014-10-31 08:30:30	1	4	1	0
       60	2014-10-31 08:31:01	1	5	1	0
       72	2014-10-31 08:31:08	1	4	8	0
        2	2014-10-31 08:33:25	1	4	1	0
       57	2014-10-31 08:33:37	1	5	2	0
       81	2014-10-31 08:40:36	1	5	1	0
       56	2014-10-31 09:07:58	1	5	1	0
      116	2014-10-31 11:04:11	1	5	1	0
        3	2014-10-31 11:44:14	1	5	1	0
        3	2014-10-31 11:44:20	1	5	1	0
      115	2014-10-31 11:49:32	1	5	1	0
        4	2014-10-31 12:06:45	1	5	1	0
       31	2014-10-31 12:08:13	1	5	1	0
       82	2014-10-31 12:11:03	1	5	1	0
       59	2014-10-31 12:11:25	1	5	1	0
       33	2014-10-31 12:21:15	1	5	1	0
       51	2014-10-31 12:31:43	1	5	1	0
       81	2014-10-31 12:36:25	1	5	1	0
       31	2014-10-31 13:55:45	1	4	1	0
        4	2014-10-31 14:09:23	1	4	1	0
      111	2014-10-31 14:10:51	1	4	1	0
      111	2014-10-31 14:10:52	1	4	1	0
       59	2014-10-31 14:11:45	1	4	1	0
       33	2014-10-31 14:12:20	1	4	1	0
        3	2014-10-31 14:20:52	1	4	1	0
        3	2014-10-31 14:20:55	1	4	1	0
       82	2014-10-31 14:26:34	1	4	1	0
       51	2014-10-31 14:34:50	1	4	1	0
       81	2014-10-31 15:15:08	1	4	1	0
        3	2014-10-31 17:49:35	1	4	1	0
        3	2014-10-31 17:49:42	1	4	1	0
        3	2014-10-31 17:49:50	1	4	1	0
        3	2014-10-31 17:49:57	1	5	1	0
        4	2014-10-31 18:06:39	1	5	1	0
       31	2014-10-31 18:13:36	1	5	1	0
      111	2014-10-31 18:17:42	1	5	1	0
       59	2014-10-31 18:28:54	1	5	1	0
       82	2014-10-31 18:36:08	1	5	1	0
       33	2014-10-31 19:02:30	1	5	1	0
       81	2014-10-31 19:05:54	1	5	1	0
       42	2014-10-31 19:46:41	1	5	1	0
       41	2014-10-31 19:46:46	1	5	2	0
       51	2014-10-31 19:48:38	1	5	1	0
       58	2014-10-31 22:32:06	1	4	1	0
       72	2014-10-31 23:30:37	1	4	8	0
